1 0
2 0
3 0
4 0
5 0
6 0
7 0
8 0
9 0
10 0
11 0
12 0
13 0
14 0
15 0
16 0
17 0
18 0
19 0
20 0
21 0
22 0
23 1
24 0
25 0
26 0
27 0
28 0
29 0
30 0
31 0
32 0
33 0
34 0
35 0
36 0
37 0
38 0
39 0
40 0
41 1
42 0
43 1
44 0
45 0
46 0
47 0
48 1
49 0
50 0
51 1
52 0
53 0
54 0
55 0
56 0
57 0
58 0
59 0
60 0
61 1
62 0
63 1
64 1
65 1
66 1
67 1
68 1
69 0
70 0
71 0
72 0
73 0
74 0
75 0
76 0
77 1
78 1
79 1
80 0
81 0
82 0
83 0
84 0
85 0
86 1
87 0
88 0
89 1
90 0
91 1
92 0
93 1
94 0
95 0
96 1
97 1
98 0
99 0
100 1
101 0
102 0
103 1
104 0
105 0
106 1
107 1
108 3
109 1
110 1
111 0
112 1
113 2
114 1
115 1
116 2
117 1
118 3
119 1
120 2
121 2
122 3
123 2
124 2
125 2
126 1
127 1
128 2
129 2
130 1
131 0
132 1
133 0
134 1
135 2
136 1
137 0
138 1
139 1
140 0
141 1
142 1
143 0
144 1
145 1
146 2
147 1
148 1
149 1
150 1
151 1
152 2
153 1
154 1
155 1
156 0
157 1
158 2
159 3
160 1
161 3
162 1
163 1
164 0
165 2
166 1
167 0
168 2
169 2
170 1
171 1
172 1
173 1
174 1
175 1
176 1
177 1
178 1
179 1
180 1
181 1
182 1
183 1
184 1
185 2
186 1
187 1
188 1
189 1
190 2
191 2
192 1
193 2
194 1
195 1
196 1
197 1
198 1
199 1
200 1
201 1
202 1
203 1
204 2
205 1
206 2
207 2
208 3
209 3
210 2
211 2
212 3
213 2
214 2
215 3
216 2
217 2
218 2
219 1
220 1
221 1
222 1
223 0
224 1
225 2
226 1
227 1
228 2
229 2
230 2
231 1
232 0
233 2
234 1
235 1
236 1
237 2
238 1
239 0
240 2
241 1
242 1
243 1
244 1
245 1
246 1
247 1
248 1
249 0
250 1
251 2
252 1
253 1
254 2
255 3
256 2
257 2
258 2
259 2
260 2
261 2
262 1
263 2
264 2
265 2
266 2
267 2
268 3
269 4
270 4
271 3
272 3
273 2
274 3
275 2
276 3
277 2
278 1
279 2
280 1
281 2
282 2
283 2
284 2
285 1
286 2
287 2
288 2
289 2
290 2
291 2
292 1
293 2
294 2
295 2
296 1
297 2
298 2
299 2
300 2
