1 0
2 0
3 0
4 0
5 0
6 0
7 0
8 0
9 0
10 0
11 0
12 0
13 0
14 0
15 0
16 0
17 0
18 0
19 0
20 0
21 0
22 0
23 0
24 0
25 0
26 0
27 0
28 0
29 0
30 0
31 0
32 0
33 0
34 0
35 0
36 0
37 0
38 0
39 0
40 0
41 0
42 0
43 0
44 0
45 0
46 0
47 0
48 0
49 0
50 0
51 0
52 0
53 0
54 0
55 0
56 0
57 0
58 0
59 0
60 0
61 0
62 0
63 0
64 0
65 0
66 0
67 0
68 0
69 0
71 0
72 0
73 0
76 0
77 0
79 0
84 0
86 0
88 0
92 0
93 0
94 0
96 0
97 0
98 0
99 0
166 0
214 0
239 0
240 0
241 0
247 0
249 0
251 0
252 0
256 0
258 0
261 0
262 0
265 0
267 0
269 0
272 0
273 0
275 0
276 0
277 0
282 0
287 0
292 0
293 0
294 0
295 0
296 0
298 0
299 0
301 0
302 0
305 0
306 0
308 0
309 0
314 0
315 0
316 0
318 0
319 0
322 0
327 0
329 0
333 0
335 0
336 0
339 0
342 0
345 0
348 0
349 0
350 0
352 0
353 0
358 0
359 0
361 0
363 0
364 0
366 0
368 0
369 0
372 0
373 0
375 0
376 0
377 0
378 0
381 0
382 0
383 0
384 0
386 0
387 0
391 0
392 0
393 0
394 0
397 0
401 0
402 0
403 0
406 0
407 0
414 0
417 0
419 0
420 0
422 0
423 0
424 0
425 0
426 0
427 0
428 0
429 0
432 0
433 0
434 0
435 0
438 0
441 0
442 0
448 0
449 0
450 0
451 0
453 0
460 0
461 0
462 0
463 0
464 0
466 0
467 0
471 0
472 0
473 0
475 0
478 0
480 0
486 0
489 0
491 0
492 0
493 0
494 0
497 0
500 0
502 0
505 0
508 0
509 0
510 0
511 0
513 0
516 0
517 0
518 0
521 0
524 0
525 0
526 0
527 0
528 0
529 0
530 0
531 0
540 0
541 0
543 0
544 0
545 0
547 0
548 0
549 0
550 0
551 0
552 0
553 0
554 0
556 0
557 0
558 0
559 0
560 0
568 0
571 0
575 0
576 0
578 0
580 0
581 0
582 0
584 0
588 0
592 0
594 0
595 0
596 0
597 0
600 0
601 0
603 0
614 0
615 0
619 0
620 0
621 0
629 0
630 0
633 0
634 0
636 0
640 0
643 0
645 0
646 0
647 0
648 0
650 0
651 0
654 0
655 0
656 0
657 0
659 0
660 0
661 0
662 0
663 0
666 0
667 0
668 0
669 0
672 0
673 0
674 0
677 0
678 0
679 0
685 0
687 0
689 0
691 0
692 0
693 0
694 0
696 0
700 0
704 0
705 0
709 0
711 0
712 0
713 0
714 0
715 0
717 0
720 0
723 0
728 0
729 0
731 0
735 0
737 0
740 0
742 0
744 0
745 0
747 0
748 0
750 0
751 0
753 0
762 0
764 0
765 0
768 0
772 0
773 0
774 0
776 0
779 0
780 0
783 0
785 0
789 0
790 0
791 0
792 0
795 0
796 0
800 0
803 0
804 0
808 0
810 0
811 0
812 0
815 0
817 0
823 0
824 0
825 0
827 0
830 0
833 0
834 0
835 0
836 0
839 0
840 0
848 0
849 0
850 0
852 0
854 0
855 0
857 0
859 0
862 0
863 0
865 0
869 0
870 0
873 0
874 0
877 0
879 0
883 0
888 0
889 0
890 0
893 0
894 0
898 0
900 0
901 0
903 0
905 0
907 0
911 0
912 0
915 0
921 0
924 0
925 0
927 0
928 0
931 0
932 0
936 0
937 0
939 0
942 0
943 0
944 0
945 0
948 0
950 0
951 0
952 0
953 0
954 0
956 0
961 0
964 0
967 0
971 0
974 0
977 0
978 0
980 0
985 0
986 0
988 0
989 0
990 0
991 0
996 0
998 0
1179 0
1180 0
1181 0
1182 0
1183 0
1184 0
1248 0
