1 114.33897300 6.42259000 0.00291700 n 0.00000000
2 98.22160100 8.47098600 0.00263500 n 0.00000000
3 127.27225900 8.03352400 0.00133100 n 0.00000000
4 123.94738900 6.55919200 0.00125900 n 0.00000000
5 118.13219300 6.42047500 0.00100600 n 0.00000000
6 117.83188700 6.14025200 0.00129800 n 0.00000000
7 120.37527100 6.26171200 0.00204000 n 0.00000000
8 119.92556000 10.89956200 0.00128600 n 0.00000000
9 113.61021700 8.74528900 0.00113100 n 0.00000000
10 122.10354000 6.74065400 0.00097000 n 0.00000000
11 121.22529600 6.14732100 0.00119500 n 0.00000000
12 119.72992400 6.57310200 0.00116500 n 0.00000000
13 116.81898700 9.51889800 0.00126200 n 0.00000000
14 97.14401800 6.69378900 0.00114400 n 0.00000000
15 96.50124600 6.14076400 0.00124200 n 0.00000000
16 98.88640800 6.65381100 0.00119900 n 0.00000000
17 101.33002700 6.18455200 0.00106400 n 0.00000000
18 96.35912500 6.19619900 0.00097000 n 0.00000000
19 97.48592200 6.38192100 0.00142000 n 0.00000000
20 97.97403400 6.70117100 0.00202600 n 0.00000000
21 96.15774500 6.60373200 0.00137000 n 0.00000000
22 96.20415500 6.13490600 0.00117500 n 0.00000000
23 96.14714900 6.40777200 0.00871300 A 0.81868900
24 97.05614200 6.17536900 0.00140400 C 0.00032100
25 96.00324100 6.22426500 0.00134400 C 0.00033600
26 96.14599200 8.50936800 0.00115300 C 0.00023400
27 98.03832000 6.09124600 0.00112300 C 0.00024900
28 95.58476700 6.28490700 0.00143100 C 0.00026600
29 95.60811100 6.27483200 0.00124700 n 0.00000000
30 95.89388800 6.53404300 0.00113500 n 0.00000000
31 96.01841300 6.64816500 0.00122400 n 0.00000000
32 98.74976600 6.33849300 0.00155300 n 0.00000000
33 96.17151800 6.71115800 0.00195700 n 0.00000000
34 96.21937500 6.16654800 0.00129600 n 0.00000000
35 97.77214500 6.70465200 0.00166100 n 0.00000000
36 96.51676700 6.22080300 0.00117500 n 0.00000000
37 97.15917800 6.15672200 0.00122500 n 0.00000000
38 102.93935800 6.27141800 0.00128600 n 0.00000000
39 97.73895800 6.22478900 0.00110200 n 0.00000000
40 96.75481000 6.45196800 0.00187400 n 0.00000000
41 96.88193000 6.30379700 0.00248000 A 0.35630300
42 98.73079700 6.48653100 0.00151500 C 0.00026200
43 97.60551500 6.27258400 0.00334300 B 0.16082500
44 96.17393300 6.51265100 0.00177100 C 0.00024700
45 98.23818900 6.54787300 0.00145400 C 0.00022700
46 97.46363100 6.33091800 0.00146900 C 0.00030700
47 97.31227200 6.29309500 0.00116100 C 0.00030100
48 97.26594900 6.67246100 0.00175700 A 0.39144200
49 99.13104800 6.70692000 0.00139900 C 0.00028100
50 97.35422900 6.65166700 0.00135600 C 0.00026400
51 97.86411200 6.61851600 0.00188100 B 0.13491500
52 100.83903100 6.18768200 0.00114100 C 0.00032700
53 97.85808600 6.50717900 0.00188000 C 0.00023800
54 98.69546900 6.18558700 0.00186800 C 0.00034700
55 97.54121900 6.73320500 0.00159000 n 0.00000000
56 97.44146900 6.24668900 0.00140500 n 0.00000000
57 98.08636700 6.23063000 0.00149700 n 0.00000000
58 97.32759700 6.64436900 0.00161400 n 0.00000000
59 97.18363900 6.49838800 0.00111400 n 0.00000000
60 97.59057000 6.67822800 0.00159600 n 0.00000000
61 98.91718900 6.67020000 0.00202500 A 0.37751200
62 96.81684200 6.29688000 0.00166600 C 0.00025900
63 96.73594400 6.30390000 0.00271100 B 0.63282000
64 93.45705900 6.22221400 0.00395900 B 0.21962300
65 95.87768600 6.27062700 0.00290400 B 0.34184000
66 92.93583600 6.20049100 0.00250300 B 0.32256700
67 95.97024400 6.41484700 0.00211100 B 0.36686400
68 95.98695000 6.59020400 0.00208700 B 0.21630000
69 95.30897500 6.20035900 0.00105800 C 0.00031900
70 96.92576700 6.19254100 0.00191100 C 0.00033200
71 97.03773800 6.34926900 0.00220800 C 0.00025900
72 96.73922900 6.46781700 0.00153400 C 0.00033800
73 96.62200700 6.53389900 0.00121100 n 0.00000000
74 96.58561700 6.24617100 0.00261700 n 0.00000000
75 96.70837400 6.23114700 0.00205700 n 0.00000000
76 98.05799800 6.71170800 0.00180700 n 0.00000000
77 97.05904800 6.49628600 0.00301100 A 0.35778000
78 97.05100300 6.36207400 0.00299900 B 0.16698700
79 93.27476800 6.22470600 0.00299300 B 0.64926100
80 96.29509500 6.64959200 0.00158200 C 0.00056800
81 97.19571300 6.93223500 0.00141800 C 0.00023100
82 97.93084400 6.35883800 0.00177900 C 0.00032100
83 97.36367100 6.67613500 0.00152500 C 0.00032000
84 97.27780800 6.62779700 0.00211900 C 0.00034700
85 98.06194500 6.47451600 0.00218500 n 0.00000000
86 97.57328100 6.37903500 0.00284600 A 0.41794400
87 98.63971600 6.40493100 0.00155900 C 0.00080300
88 94.74395500 6.33309500 0.00191800 C 0.00033800
89 97.81797700 7.26041400 0.00363800 B 0.20669400
90 96.13270500 6.32224100 0.00187900 C 0.00031200
91 98.10485500 6.78089900 0.00333300 B 0.22626700
92 97.47518800 6.32632600 0.00216700 C 0.00035800
93 99.00105300 6.74689700 0.00253900 B 0.19225500
94 95.74983600 6.78081800 0.00113500 C 0.00025500
95 97.93194200 6.43787200 0.00112300 n 0.00000000
96 98.59616800 6.48039500 0.00252200 A 0.47000200
97 100.76248000 6.38950200 0.00307700 B 0.20679600
98 96.39140100 6.52093000 0.00158000 C 0.00027300
99 98.06813800 6.51233800 0.00137700 C 0.00031400
100 97.53320100 6.46498100 0.00348800 B 0.19530100
101 94.46752500 6.55544700 0.00114300 C 0.00024300
102 97.70025100 6.82677700 0.00169800 C 0.00034900
103 97.61649300 6.80097700 0.00360500 B 0.18205000
104 93.00284700 6.51934800 0.00263800 C 0.00032200
105 97.63696800 6.62340100 0.00167300 n 0.00000000
106 97.28843900 6.96397500 0.00245400 A 0.40367100
107 98.21172700 6.98939300 0.00207800 B 0.48617200
108 96.42605900 6.90787900 0.00359600 B 1.96808300
109 98.37396600 6.98171300 0.00204000 B 0.72453700
110 96.78122400 6.53596800 0.00251700 B 0.73211000
111 96.72377300 6.56910100 0.00130000 C 0.00052900
112 99.00954600 6.98934600 0.00237100 B 0.77962800
113 96.32746800 6.66570900 0.00394700 B 1.99333900
114 96.32557400 6.48278700 0.00261900 B 0.49776100
115 96.31825600 6.94718200 0.00193800 B 3.32327300
116 95.51204800 6.57294700 0.00384700 B 1.36704100
117 95.24429900 6.49828700 0.00266400 B 0.39653500
118 95.28924200 6.81442600 0.00281000 B 1.55073500
119 91.92528800 6.60921800 0.00207000 B 0.50426500
120 92.45093000 6.86621800 0.00232300 B 2.78703200
121 92.31446100 6.50025600 0.00299200 B 0.72219500
122 91.79619500 6.96711500 0.00364300 B 2.27870900
123 94.31918300 6.40376500 0.00292500 B 1.49806800
124 91.17514100 6.47735200 0.00289000 B 1.32092500
125 94.19688100 6.57202700 0.00304900 B 1.40995800
126 94.35787300 6.48055400 0.00242600 B 20.69729500
127 90.75286400 6.42950400 0.00214900 B 20.96023600
128 90.29213500 6.43973400 0.00294300 B 21.04173600
129 89.51317300 6.99989800 0.00287900 B 22.08173600
130 87.29110900 6.84656100 0.00226100 B 21.69042600
131 95.62631000 6.46396400 0.00134300 C 30.35196500
132 95.71235000 6.36606500 0.00230800 B 46.53132300
133 96.31849700 6.39172600 0.00141500 C 29.96193900
134 95.82676900 6.38679700 0.00259600 B 44.36492100
135 96.04739200 6.40012400 0.00291100 B 44.81166800
136 96.70370100 6.35696400 0.00341800 B 44.24406500
137 97.09118300 6.43091100 0.00131700 C 29.49946900
138 93.78515200 6.53218200 0.00295000 B 43.92889300
139 97.28087500 6.81618700 0.00202700 B 45.69883400
140 96.73285900 6.39969000 0.00179000 C 33.21043100
141 96.18404000 6.54417300 0.00241000 B 45.30558500
142 98.07373000 6.46493800 0.00258800 B 44.92066300
143 93.65704800 6.53374500 0.00172400 C 29.52813900
144 93.66691700 7.30797700 0.00249600 B 47.06707000
145 93.90985100 6.57989300 0.00234400 B 47.30245000
146 100.72286900 6.88422200 0.00339400 B 46.09846700
147 98.00525000 7.22865800 0.00298800 B 45.27809500
148 93.62869100 6.58801300 0.00239200 B 52.74072500
149 95.28735500 6.83616500 0.00241500 B 45.79443200
150 95.40154000 7.06409200 0.00213100 B 47.25522300
151 94.04057800 6.82635400 0.00264000 B 46.86820100
152 94.49393300 7.16544600 0.00297400 B 39.86128300
153 95.63838800 7.22666400 0.00203100 B 45.43531200
154 95.84494600 6.77292200 0.00239700 B 44.92915000
155 94.99810200 7.10985300 0.00212900 B 46.51409700
156 93.06127300 6.80939400 0.00106100 C 22.26655900
157 91.45895300 7.27209700 0.00210100 B 48.16820900
158 95.33233200 6.69348400 0.00316500 B 50.79812100
159 91.52344600 6.83547200 0.00283700 B 45.21945800
160 94.49831700 6.70205900 0.00240600 B 38.14675600
161 95.23829800 7.22949300 0.00303900 B 47.98904700
162 96.05458800 6.76394800 0.00211400 B 45.21033800
163 96.14436900 6.65128100 0.00281500 B 45.59917600
164 96.63623500 6.78578900 0.00167400 C 30.26116400
165 96.27385300 6.70582900 0.00271900 B 39.32083600
166 94.49704400 7.01381000 0.00197100 B 48.89716100
167 96.97102400 6.84847100 0.00141800 C 30.31551500
168 95.76763400 6.65692900 0.00287600 B 46.86562900
169 98.19665700 7.34880800 0.00375200 B 48.01691700
170 96.79407000 7.15593800 0.00227700 B 39.63888300
171 96.21274000 6.98481100 0.00211300 B 56.68577800
172 98.59699500 6.92640600 0.00227600 B 47.73960000
173 95.58184200 6.96065400 0.00195000 B 73.31933600
174 99.13843400 7.23770600 0.00258200 B 71.99848500
175 96.55336300 6.82363400 0.00245600 B 73.45111800
176 99.40910500 6.70520400 0.00212400 B 72.40181600
177 96.28899600 6.91790200 0.00299000 B 73.77580700
178 99.04069800 6.94789000 0.00336200 B 75.86708200
179 96.27365900 6.82039800 0.00201900 B 74.64319900
180 98.89845000 6.99167900 0.00191000 B 74.32996400
181 90.72636400 6.55105200 0.00233300 B 75.05009400
182 96.82767500 6.88098500 0.00221400 B 75.41182000
183 92.18026400 6.85401900 0.00184900 B 74.83178700
184 99.26863300 6.90060800 0.00254000 B 74.03086800
185 92.98393300 6.51061200 0.00236300 B 76.20957700
186 96.49181600 7.13395300 0.00270500 B 78.64678700
187 95.98157500 7.38606400 0.00268200 B 73.47925400
188 92.00871100 6.56202600 0.00257400 B 72.94470900
189 95.68490600 6.59190200 0.00251900 B 64.89016300
190 96.26010500 6.55032300 0.00309700 B 75.42119600
191 97.07614100 6.64380700 0.00234600 B 60.95251600
192 96.94313200 6.98316000 0.00217700 B 76.67055400
193 96.34137800 6.48599300 0.00279500 B 76.20733600
194 97.15424000 7.01857200 0.00219100 B 75.63723300
195 93.16446700 6.99699900 0.00227500 B 83.01959200
196 96.79906500 6.58032400 0.00250100 B 72.66638500
197 97.12440500 6.65022400 0.02160500 B 78.14380200
198 97.64329300 6.59018000 0.00228000 B 74.30628800
199 97.50378800 6.98604500 0.00218500 B 76.12068400
200 97.38589500 7.30073300 0.00195300 B 72.77755900
201 93.88009200 6.57842600 0.00210600 B 74.82916700
202 97.61853800 6.89620000 0.00227600 B 73.94807100
203 93.53967600 6.68485800 0.00252400 B 71.11990100
204 97.47743400 7.05435100 0.00270000 B 73.20844400
205 100.16380000 6.64840200 0.00237500 B 72.72999200
206 99.66074100 6.74780700 0.00338100 B 57.93777700
207 96.62719600 6.93574900 0.00272600 B 75.43895500
208 99.85278800 6.64095000 0.00259100 B 71.99304400
209 102.91805600 6.57519600 0.00267200 B 76.61119400
210 101.30574100 6.76374500 0.00257500 B 71.26973800
211 99.38026700 6.78872600 0.00283300 B 71.16380500
212 106.54297500 6.90256600 0.00338800 B 76.17270700
213 103.08626300 6.67358400 0.00283800 B 45.42428500
214 97.93127900 7.02611300 0.00315300 B 45.47030200
215 103.89598200 7.11273400 0.00307500 B 45.80071900
216 107.02059500 6.57513500 0.00257100 B 71.05397200
217 105.02365800 6.97826100 0.00245500 B 73.48908800
218 100.01670000 6.88783900 0.00267500 B 71.67728600
219 106.92610900 6.70612400 0.00283700 B 70.85570200
220 103.34654700 7.02347900 0.00268700 B 77.03858600
221 97.56148800 6.69275000 0.00264400 B 75.69814100
222 102.38833000 6.86652800 0.00236600 B 78.68917300
223 103.33638400 6.98130300 0.00131000 C 48.22339300
224 103.76718300 6.54689900 0.00284900 B 71.47502700
225 103.55423100 6.61558900 0.00292200 B 73.64323200
226 103.15890000 6.67517700 0.00263200 B 58.85788200
227 102.87782000 6.58750400 0.00267300 B 73.85153600
228 102.21109600 7.20978400 0.00321200 B 79.72759300
229 103.66717700 6.62148400 0.00385600 B 78.00419700
230 103.59414000 6.67211200 0.00272600 B 80.75265300
231 103.16559100 7.12357000 0.00309400 B 72.11501500
232 102.47737000 6.95305900 0.00178600 C 30.55775200
233 106.24486600 7.02676100 0.00256400 B 39.73818300
234 102.31519500 7.05408200 0.00212900 B 45.71538900
235 105.45300500 6.87647400 0.00190100 B 45.87109500
236 102.14319000 6.93617700 0.00228000 B 44.91072900
237 102.03524900 6.74663300 0.00295600 B 45.84386400
238 101.77181100 6.71463500 0.00251500 B 44.46054800
239 98.71593200 6.78522100 0.00122300 C 40.35127500
240 98.04209400 7.53202800 0.00280600 B 28.05098400
241 97.56016200 7.17516300 0.00214500 B 21.86995500
242 91.62800200 6.91287200 0.00251500 B 0.73681800
243 93.64168000 6.73656500 0.00285600 B 0.49083500
244 91.03046600 6.80182400 0.00237400 B 0.50863600
245 90.24452600 6.89957700 0.00267500 B 0.47572300
246 90.04551700 7.07722400 0.00303100 B 0.30428800
247 92.87287000 7.06733500 0.00294400 B 1.44003900
248 93.07435800 7.17710300 0.00342200 B 0.95973900
249 93.17670000 7.18759400 0.00128700 C 0.00026800
250 97.20080700 6.66108700 0.00216800 B 0.56997500
251 93.11573300 6.76130800 0.00456100 B 1.37227200
252 93.06622800 6.75441200 0.00272100 B 0.20874800
253 90.16088200 7.16725900 0.00309000 B 0.23677700
254 93.18502000 6.66108900 0.00327700 B 1.14248400
255 90.11730200 6.81569000 0.00477300 B 2.78107300
256 95.03269300 6.74643900 0.00387600 B 21.67009600
257 92.76838500 6.77737100 0.00295100 B 46.23907100
258 98.24142800 7.04470000 0.00294900 B 46.06229500
259 87.83228600 7.04224400 0.00264700 B 46.95980500
260 93.11458700 6.70908100 0.00228800 B 46.45354200
261 91.91488100 6.83520100 0.00294400 B 45.66053500
262 94.04203300 6.80476300 0.00303800 B 44.45070700
263 88.07685800 6.83909000 0.00316000 B 46.54432800
264 93.85934900 6.72329500 0.00306300 B 46.02172000
265 90.30991300 6.80588900 0.00417000 B 49.73442900
266 91.11216300 6.69047400 0.00357200 B 46.12031800
267 95.03264100 6.80290800 0.00314600 B 45.51884900
268 92.81790100 7.27191700 0.00332700 B 47.92011200
269 94.34908900 7.21533900 0.00347100 B 48.54467700
270 90.62606000 6.68173600 0.00284800 B 48.69413200
271 95.16598300 6.75355200 0.00345000 B 78.97589600
272 92.46369100 6.91138100 0.00391700 B 75.06704100
273 94.09781200 6.67935300 0.00304000 B 78.48507800
274 88.22684700 6.74093000 0.00299900 B 78.50972800
275 95.10342200 6.56932900 0.00249500 B 80.20844100
276 88.47097100 6.81495100 0.00271000 B 70.63460900
277 98.97319600 6.61518800 0.00276100 B 78.04127000
278 91.09541300 7.23747200 0.00232600 B 77.57761000
279 95.64850000 6.55338500 0.00264400 B 103.78066300
280 95.41996500 6.53007800 0.00182500 B 100.66152300
281 97.12097700 6.79400100 0.00292500 B 101.47381500
282 95.84131400 6.65133700 0.00334900 B 101.54448300
283 91.58791400 6.59604100 0.00427600 B 84.86451100
284 95.61638000 7.24350600 0.00314600 B 62.25629100
285 97.79151800 6.83381600 0.00280200 B 75.28301400
286 93.24415000 6.55980100 0.00338200 B 77.56098800
287 95.49094700 6.91684700 0.00374900 B 74.98906900
288 94.82402800 6.58600400 0.00345000 B 75.88572900
289 96.34656100 9.24432800 0.00436100 B 97.20038500
290 96.71403700 6.76776800 0.00512600 B 65.93401600
291 97.33778600 6.88986200 0.00315500 B 73.53711400
292 90.23962800 6.63627100 0.00235700 B 73.75615500
293 95.50433300 6.54301000 0.00339600 B 75.39610300
294 95.68093000 6.70996500 0.00295900 B 80.91205500
295 93.57765200 6.57761000 0.00343500 B 75.37095500
296 87.65511600 6.62422600 0.00312800 B 79.69935500
297 93.08652800 6.63786900 0.00343500 B 118.24056300
298 101.85417200 6.94798600 0.00316000 B 75.00022600
299 106.69501200 6.84190400 0.00300300 B 74.74163200
300 98.11426500 6.96416200 0.00356100 B 79.04423200
