1 36.41636300 5.59861800 0.00649500 n 0.00000000
2 30.15284800 3.60113700 0.00078200 n 0.00000000
3 28.82560600 3.51122300 0.00071700 n 0.00000000
4 23.31153100 5.19738600 0.00249400 n 0.00000000
5 28.39862500 3.72721500 0.00073200 n 0.00000000
6 28.83396000 3.59175400 0.00065800 n 0.00000000
7 24.56075300 3.71236300 0.00120900 n 0.00000000
8 23.69834400 5.50009600 0.00307500 n 0.00000000
9 30.96643800 3.58946700 0.00059700 n 0.00000000
10 28.41344500 3.57168000 0.00081600 n 0.00000000
11 23.04920300 4.53443200 0.00219500 n 0.00000000
12 26.42281200 5.88643000 0.00141400 n 0.00000000
13 29.56530500 3.64222500 0.00084500 n 0.00000000
14 26.70757100 3.59179700 0.00081300 n 0.00000000
15 23.85414100 5.79505400 0.00112900 n 0.00000000
16 34.10400200 3.59366300 0.00092300 n 0.00000000
17 28.68879800 3.76139100 0.00139000 n 0.00000000
18 22.66014100 8.59146900 0.00101900 n 0.00000000
19 30.84098100 3.62271800 0.00080800 n 0.00000000
20 30.06057600 3.63740500 0.00096900 n 0.00000000
21 23.29562700 4.91900200 0.00172600 n 0.00000000
22 29.89038100 3.62670400 0.00071900 n 0.00000000
23 29.39832600 3.57476100 0.00088500 n 0.00000000
24 28.95317400 5.60497000 0.00327100 n 0.00000000
25 31.29923800 3.79714000 0.00100100 n 0.00000000
26 28.83550400 3.57591000 0.00062700 n 0.00000000
27 25.57685000 4.05734300 0.00148900 n 0.00000000
28 26.55562900 5.68817500 0.00132900 n 0.00000000
29 31.19564000 3.68707700 0.00084100 n 0.00000000
30 28.33421100 4.83535100 0.00322000 n 0.00000000
31 26.26998700 5.92393600 0.00131500 n 0.00000000
32 29.91835800 3.68872600 0.00089900 n 0.00000000
33 27.59918200 5.28509500 0.00165000 n 0.00000000
34 30.77395700 3.60839700 0.00114900 n 0.00000000
35 28.43179200 3.67941600 0.00144600 n 0.00000000
36 28.41784400 4.58867300 0.00345000 n 0.00000000
37 26.74612200 5.49992700 0.00151800 n 0.00000000
38 27.98326900 3.57768300 0.00865900 A 0.31236200
39 28.75194500 3.56493800 0.00083100 C 0.00015900
40 28.70514400 5.44108100 0.00199000 C 0.00029800
41 29.88727000 4.95090600 0.00165400 B 0.15100100
42 28.69696000 3.58360300 0.00142300 B 0.14744900
43 22.95459900 4.48041900 0.00283400 B 0.25987600
44 26.00211100 4.84006700 0.00250700 B 0.21405600
45 30.31875200 3.69549400 0.00204200 B 0.16569400
46 24.59139700 5.22669000 0.00657500 B 12.54416900
47 29.05586100 3.64961300 0.00222800 A 0.31574000
48 24.54319500 3.64895000 0.00206600 B 0.14734400
49 22.55602800 5.86767300 0.00268100 B 0.34167900
50 29.40216000 3.93374800 0.00196800 B 0.15019100
51 23.66931600 3.72171700 0.00200500 B 0.16904700
52 28.30403800 3.78921900 0.00284900 B 0.33615300
53 31.25179300 3.68717400 0.00232800 B 4.39640000
54 25.81939500 5.05796200 0.00705800 A 0.42086100
55 29.58089300 3.71352300 0.00286100 B 0.16032800
56 31.47949400 3.66135800 0.00248300 B 0.16416700
57 23.65138100 4.75581800 0.00533700 B 0.25722800
58 34.23889400 3.96223600 0.00189900 B 0.18159000
59 29.77957800 3.62698000 0.00226800 B 0.15639800
60 30.86727100 3.67154200 0.00179700 B 5.17920700
61 22.33387900 3.64860700 0.00247700 A 0.32843300
62 28.00769800 3.83607100 0.00306900 B 0.21991900
63 25.90854000 4.16738300 0.00204800 B 0.14902000
64 30.55355500 3.63427400 0.00157900 B 0.24556100
65 30.56849300 3.65139300 0.00226700 B 0.16152600
66 22.90236700 5.79384200 0.00521700 B 0.34897900
67 27.93991600 3.56797100 0.00238100 B 12.74256100
68 26.36928000 3.94815500 0.00228300 B 12.12185400
69 30.62028500 3.65196200 0.00209500 B 21.24677400
70 26.65828900 3.63111100 0.00220500 B 12.99223600
71 27.12459700 3.87794100 0.00229400 B 12.62852800
72 27.04437200 4.82145800 0.00452800 B 19.20116200
73 29.81433900 3.64474100 0.00274100 B 16.58870900
74 26.81639700 3.81712700 0.00292800 B 11.92547700
75 24.26161700 6.17410700 0.00755300 B 19.74090800
76 26.52391200 4.10044900 0.00363200 B 20.98781200
77 31.46302500 3.65704700 0.00194500 B 19.37905800
78 27.10538100 3.67753200 0.00226300 B 12.38479600
79 30.30340500 3.70117600 0.00195800 B 11.97659000
80 24.33370600 7.28173000 0.01641000 B 14.21113900
81 30.37140400 3.63699400 0.00231900 B 22.28570500
82 30.08029900 3.63475700 0.00237400 B 14.70574500
83 25.73181500 3.64859600 0.00230200 B 12.17561300
84 23.67390000 5.39420000 0.00836400 B 19.42802300
85 28.90550300 3.63869900 0.00230400 B 20.18906900
86 29.72987200 3.71723200 0.00258500 B 13.65413800
87 26.26101500 3.77919300 0.00230600 B 12.86278300
88 22.51815900 5.08634700 0.00667000 B 20.14597100
89 30.06935100 3.73885600 0.00258500 B 20.16808900
90 27.95765100 3.68206400 0.00303800 B 13.03124900
91 29.24102800 3.75997800 0.00264600 B 16.77876600
92 24.03974300 5.66512500 0.00544900 B 18.96016400
93 29.19445400 3.85934100 0.00751000 B 21.71801100
94 33.10686900 3.80531500 0.00251400 B 21.50778800
95 30.13160200 3.84793000 0.00276000 B 15.37700900
96 31.39782700 3.77272200 0.00194000 B 13.14622600
97 33.29775300 3.86353800 0.00306500 B 12.18836400
98 24.96760300 5.18082300 0.00497900 B 20.03111000
99 30.43303100 5.14332900 0.00555200 B 20.29629800
100 29.70915000 3.86719000 0.00270500 B 22.72222500
101 29.50820100 3.85551600 0.00242000 B 19.33321400
102 28.86937900 3.85610500 0.00229000 B 12.72227100
103 29.90164900 4.44420800 0.00286100 B 14.94880400
104 24.47613900 7.58290400 0.00551500 B 16.58463800
105 28.60777800 3.95460200 0.00264200 B 21.06926400
106 30.22510300 3.94807700 0.00318800 B 16.48532000
107 32.33268400 4.01993300 0.00270100 B 12.24528800
108 29.21605700 4.48912900 0.00292100 B 14.71097600
109 28.92334400 5.49670200 0.00452200 B 19.27001200
110 30.99251500 3.86366600 0.00262600 B 21.89489300
111 28.58730500 3.84100900 0.00294600 B 22.28320600
112 31.40996100 3.87042700 0.00204600 B 16.15173100
113 32.72487900 3.96001900 0.00305300 B 14.14013000
114 29.62898400 4.14677600 0.01124700 B 15.88973300
115 25.59424600 6.72785900 0.00496700 B 19.86475100
116 28.27477100 4.62625900 0.00509800 B 22.69191700
117 27.25153000 3.87625200 0.00208000 B 20.84756800
118 27.83769200 4.02983900 0.00303100 B 18.76081100
119 31.02179400 3.95721000 0.00251300 B 13.86554400
120 27.00998400 3.97973500 0.00201800 B 32.24094900
121 33.42396900 3.95506700 0.00201200 B 36.08102400
122 24.35975600 4.03260600 0.00504800 B 35.96039800
123 27.61763200 3.77819400 0.00227000 B 29.94633000
124 33.73888000 3.80445400 0.00253000 B 32.76960800
125 30.24532500 3.84823600 0.00290100 B 36.92939800
126 29.50588800 5.64073300 0.00450300 B 32.24994900
127 27.26222300 3.93795000 0.00226400 B 35.17904500
128 25.54731400 3.81475900 0.00274000 B 33.43703600
129 38.06468600 5.85528000 0.00538400 B 35.05530700
130 26.07605200 3.62428600 0.00224900 B 32.32721500
131 30.00481100 3.67801700 0.00254700 B 34.20346700
132 30.07968000 3.59131600 0.00248900 B 35.59401700
133 27.90208200 4.94172100 0.00447900 B 31.02465200
134 26.47683100 4.32927000 0.00300600 B 27.47214200
135 23.15898800 5.14392900 0.00561100 B 28.57059100
136 29.31663600 4.22652600 0.00304100 B 33.59515700
137 30.92713000 3.73117000 0.00292700 B 32.21886500
138 31.21166200 4.14330500 0.00252300 B 39.33838300
139 24.30349200 7.35332700 0.00591900 B 31.40718800
140 27.65220800 3.80420700 0.00281200 B 32.74961400
141 31.11562000 3.75970000 0.00303500 B 28.40111100
142 31.59230000 3.75001100 0.00287300 B 37.26653000
143 26.56817900 7.67186300 0.00602300 B 32.34764500
144 23.58670900 3.99324500 0.00231200 B 29.61676500
145 29.05435800 3.82737300 0.00240200 B 32.87559200
146 28.89760500 3.73679200 0.00224000 B 34.90871000
147 28.19693000 5.46955800 0.00566600 B 36.27809600
148 29.26887000 3.79514300 0.00289600 B 32.79899300
149 29.01039500 3.88645100 0.01191600 B 33.04368800
150 31.13299200 4.82053000 0.00628100 B 35.43925000
151 26.47402900 5.20552400 0.00197400 B 32.54027900
152 28.78598600 4.09614000 0.00292800 B 32.25403600
153 28.88468800 4.00718200 0.00266400 B 32.63545700
154 29.45592300 4.09798800 0.00295000 B 38.26387400
155 26.91670100 5.49224800 0.00361400 B 29.22550000
156 29.92003300 4.04215600 0.00261800 B 34.41164200
157 24.01624900 4.22569500 0.00229500 B 32.88341800
158 30.91859800 3.91480700 0.00229300 B 36.69509000
159 26.13490900 6.74015500 0.00591300 B 33.21723600
160 31.93941100 3.94009700 0.00217100 B 33.70543900
161 26.94592100 4.01990300 0.00303700 B 32.50833400
162 30.20177300 7.24218500 0.00521800 B 29.24481300
163 29.07953200 5.86321800 0.00340900 B 29.46346500
164 25.14349100 3.96845700 0.00319900 B 32.18144700
165 30.34509500 3.96428800 0.00365500 B 28.76447900
166 28.43502400 3.87905800 0.00279000 B 34.03784900
167 29.59004400 4.80592500 0.00422600 B 37.56472000
168 25.38993500 3.86274700 0.00250600 B 32.52661300
169 30.87630500 5.13829800 0.00248600 B 39.65946800
170 26.18699500 6.83056700 0.00600100 B 34.88059900
171 27.70823900 3.88435300 0.00238000 B 35.36055800
172 32.06384700 3.78067200 0.01192500 B 38.35470300
173 27.41965700 5.40718100 0.00500700 B 35.74750900
174 30.31045900 5.67973500 0.00276400 B 29.20786400
175 31.63959500 4.18530300 0.00260400 B 57.47093100
176 31.94381400 3.85420400 0.00245100 B 58.91993600
177 33.25805500 3.88292800 0.00263400 B 62.03255600
178 32.70637300 4.04246400 0.00237700 B 54.23148100
179 32.54254700 3.88035000 0.00200800 B 56.62534300
180 24.81152100 3.76124500 0.00201500 B 47.39617300
181 28.25179000 8.45586100 0.00400600 B 49.90825000
182 29.23573700 7.59112100 0.01670000 B 53.82923800
183 31.24341000 5.43697700 0.00477700 B 52.79999900
184 31.73024000 3.95493500 0.00205000 B 58.51246400
185 30.22906600 3.94314400 0.00268300 B 56.63633300
186 33.03590800 3.91979400 0.00248200 B 58.10543400
187 33.07094100 3.98013100 0.00261200 B 59.82767000
188 32.00990300 3.89935800 0.00288400 B 57.10738200
189 30.58581700 3.82754400 0.00217400 B 54.59531800
190 25.20987000 3.90397700 0.00271100 B 47.65703500
191 36.48783100 5.29386400 0.00287600 B 51.09395500
192 27.77220200 4.69900900 0.00304900 B 44.84193600
193 29.29170200 3.81429300 0.00246600 B 55.97918700
194 25.64329600 3.76033300 0.00249900 B 46.76524500
195 25.76691300 5.00387400 0.00425500 B 53.68938500
196 31.74656800 3.81568400 0.00314800 B 57.36788700
197 32.57007700 3.89388600 0.00262700 B 56.31859200
198 31.18548500 3.76198900 0.00288900 B 58.55719800
199 24.67237200 3.69763500 0.00209900 B 51.96192200
200 26.82765100 3.90837100 0.00254000 B 50.10619900
201 25.42446100 6.35310900 0.00425000 B 53.31410800
202 25.25987200 3.73889000 0.00248600 B 58.01558900
203 26.97404300 4.01501200 0.00290600 B 54.60077700
204 26.12115000 3.82764400 0.00255800 B 47.58478400
205 28.55574800 5.65467000 0.00312900 B 50.47934200
206 25.87318200 3.92936000 0.00282100 B 57.62005000
207 25.59136300 3.84469600 0.00228900 B 50.19005800
208 24.59435600 4.05252300 0.00284100 B 49.20757600
209 33.70752300 3.88016700 0.00336900 B 60.83732800
210 30.70399000 3.74771900 0.00254200 B 53.39262500
211 29.99218100 3.64803500 0.00272100 B 54.42017700
212 25.77746800 3.72397600 0.00267400 B 46.28311200
213 26.49893600 5.96845400 0.00683000 B 30.91592700
214 28.94075500 3.95556200 0.00242400 B 30.03907000
215 32.22598600 3.84155200 0.01187600 B 32.31299900
216 32.25648600 3.87151600 0.00265300 B 38.57449500
217 28.21787700 5.49418300 0.00278300 B 29.05030900
218 34.97302800 3.92899900 0.00295400 B 33.36202400
219 32.50540000 3.97399100 0.00266300 B 37.98382800
220 31.24327900 5.22489300 0.00293800 B 27.26997300
221 28.38108800 3.87724300 0.00184800 B 33.03679300
222 29.02470500 3.88148800 0.00298200 B 37.42502000
223 32.96280500 3.87384800 0.00251100 B 36.78585400
224 32.40171000 3.75387300 0.00200700 B 36.29104600
225 28.37672700 3.89649800 0.00297200 B 35.75167900
226 30.36189700 3.80377200 0.00224500 B 35.44186000
227 27.20412700 6.86690300 0.00250300 B 35.23272600
228 24.96389900 3.93217500 0.00263800 B 33.69421300
229 31.12713200 3.81924800 0.00305300 B 35.65583600
230 32.02583700 6.36383300 0.00574500 B 18.24554400
231 31.48718300 5.55014300 0.00353700 B 20.32667000
232 30.90772400 4.64950200 0.01272300 B 19.02696600
233 32.70676700 3.96559000 0.00256000 B 22.38702900
234 27.96954300 4.01468600 0.00321200 B 21.34856200
235 31.59228500 4.54811600 0.00207500 B 19.20968600
236 27.39735700 3.99152100 0.00219600 B 14.78530100
237 27.66873500 4.29838700 0.00345400 B 16.52615700
238 25.04729600 4.04407400 0.00314300 B 22.93589300
239 31.19933100 3.97925300 0.00245000 B 12.58149800
240 32.37840700 4.10289900 0.00235100 B 1.31837100
241 27.56772500 4.07995000 0.00240700 B 0.58618500
242 27.04615100 4.11558100 0.00279500 B 32.37988300
243 29.63010500 4.02888100 0.00250000 B 19.15172800
244 30.58618800 4.03314200 0.00228700 B 14.12055600
245 31.51537000 3.93352900 0.00158400 B 12.66252600
246 25.62510100 5.49022100 0.01346500 B 18.98483100
247 30.15433000 5.00409600 0.00564700 B 18.40172300
248 31.60946800 4.11336300 0.00380000 B 22.35735100
249 27.82555200 5.19369100 0.00540000 B 31.61859600
250 29.39581300 5.80177300 0.00199100 B 27.95481400
251 27.10540800 4.03962100 0.00258000 B 33.89153000
252 27.99399300 4.04443900 0.00283400 B 33.50879300
253 31.16017000 4.07111500 0.00237900 B 35.05739500
254 27.17214700 3.83173800 0.00224200 B 46.74491700
255 26.42302900 7.06905300 0.00503000 B 44.38994500
256 29.73349800 4.57569300 0.00319600 B 34.22883500
257 30.20984200 4.15335500 0.00269600 B 36.06333700
258 26.61427900 5.15904500 0.00292400 B 35.43577300
259 26.45138900 3.99094900 0.00247600 B 32.24667100
260 30.33060100 4.07693400 0.00282700 B 31.01133600
261 25.67406800 4.03143000 0.00219200 B 28.21525900
262 24.39137400 4.05054100 0.00212400 B 34.03758500
263 26.45993400 4.05664000 0.00301800 B 27.48153700
264 23.24937100 7.04978600 0.00447000 B 28.92091100
265 23.76890600 6.70727000 0.00622900 B 27.79109700
266 26.20190100 4.65961900 0.00371900 B 31.94182700
267 26.93888800 3.90305000 0.00222800 B 31.78910100
268 27.02903500 4.15263700 0.00303900 B 33.44457500
269 28.02641400 4.14442100 0.00295400 B 33.43919900
270 27.02674300 6.40720600 0.00326400 B 46.62785600
271 29.37358500 4.10225400 0.00287500 B 50.92696600
272 24.42859500 4.07905900 0.00320900 B 46.10473200
273 25.13452800 5.47491100 0.01486100 B 51.24133700
274 25.83733700 4.13239000 0.00321600 B 66.39362400
275 28.82433700 6.48902100 0.00750300 B 65.46451200
276 24.62804100 6.50676700 0.00397100 B 67.47623300
277 25.59925500 4.06854400 0.00270000 B 69.18704900
278 27.27250100 4.07872800 0.00375300 B 72.77292900
279 28.87408600 4.05668100 0.00344100 B 76.38131500
280 25.04317700 4.09357800 0.00282200 B 64.38435700
281 24.21606900 4.08211100 0.00200900 B 71.96502700
282 26.79994600 3.99745100 0.00315400 B 74.97029400
283 25.88027300 5.11326700 0.00594400 B 69.02181800
284 25.42793300 6.69383000 0.00289700 B 63.37340200
285 24.76975600 6.85905200 0.00606400 B 64.14725100
286 23.78783900 3.97203400 0.00342300 B 61.12236200
287 24.85845500 5.80827000 0.00677300 B 67.74438100
288 25.07278300 7.28467300 0.00270800 B 59.10016600
289 27.81750900 6.37567000 0.00248100 B 63.18405400
290 24.35212800 7.13957600 0.00588700 B 66.18533200
291 24.65820100 3.79601800 0.00233400 B 69.27042100
292 26.34786700 3.84267400 0.00263100 B 78.75749900
293 27.90571600 7.78607100 0.00571500 B 72.11647000
294 27.25643500 3.92362300 0.00360800 B 72.22011000
295 30.97984100 4.08024400 0.00381200 B 73.05148000
296 23.85157600 6.44370900 0.00675200 B 63.42138300
297 25.03646600 5.50962500 0.00277600 B 66.12267800
298 26.61272300 5.51975700 0.00200800 B 61.29463200
299 26.83315400 4.40817500 0.00318900 B 62.32075900
300 27.94483000 5.85478200 0.00217600 B 65.25651400
301 24.60538600 3.81298900 0.00283600 B 74.14068400
302 32.48251200 3.85613800 0.00313100 B 69.81493400
303 27.96710400 6.18864600 0.00454900 B 60.06129100
304 25.85618900 6.54552900 0.00424800 B 69.95671600
305 23.41130200 4.28397300 0.00258300 B 85.98113500
306 27.33229600 6.38780300 0.00355400 B 78.29325800
307 28.05050600 3.83329200 0.00331300 B 80.73529800
308 24.45003000 5.66395100 0.00457900 B 82.06140500
309 30.32308500 3.91680400 0.00298400 B 85.08881900
310 27.06997700 4.42878600 0.00544700 B 80.92923900
311 23.99278900 3.90091400 0.00229700 B 79.65882900
312 24.86811600 4.09717700 0.00260600 B 78.30241400
313 24.97740700 4.17309100 0.00267700 B 88.38336800
314 23.95930100 7.58210200 0.00382200 B 91.24588900
315 23.79476200 4.15409700 0.00267200 B 84.07079600
316 31.32230100 4.10702500 0.00264500 B 85.54063400
317 27.80580600 4.13850900 0.00267700 B 85.42279100
318 23.50523200 4.44471800 0.00302300 B 89.23829600
319 31.42370000 4.23956900 0.00411800 B 89.72715800
320 27.02165100 5.10628500 0.00385100 B 88.03605100
321 24.57386200 4.05270800 0.00316700 B 80.04359600
322 24.58701300 4.19243100 0.00314600 B 91.77685800
323 35.14882100 4.20841100 0.00244300 B 87.17980300
324 25.25334000 4.01952500 0.00203500 B 90.49465800
325 25.49728400 7.41724300 0.00282900 B 77.61347100
326 25.23505100 3.99314900 0.00257400 B 92.42175000
327 31.01990900 4.04205000 0.00350400 B 90.43456600
328 27.23313300 6.82864400 0.00338300 B 95.37628900
329 24.56683900 4.06082500 0.00271800 B 90.65281800
330 34.13282300 4.06311100 0.00266100 B 85.93649900
331 27.15371300 3.80240400 0.00288500 B 94.70739800
332 25.01142900 6.69429000 0.00615600 B 92.68650700
333 24.53528300 4.00913100 0.00824700 B 91.46231600
334 31.26682000 4.02660100 0.00311000 B 91.85626900
335 25.40611200 3.90408800 0.00286100 B 89.29086100
336 31.55221800 4.19418100 0.00354300 B 86.23018300
337 23.60426800 6.12895800 0.00627700 B 95.99770200
338 26.93769100 3.85386500 0.00267000 B 93.35232900
339 25.21782300 3.84595500 0.00337700 B 87.64660700
340 33.33219900 3.99364100 0.00300500 B 92.05982400
341 25.43958500 4.18112700 0.00447300 B 83.31895900
342 25.44865100 3.97431500 0.00347100 B 98.19766200
343 33.21491600 3.89156100 0.00409700 B 88.63072000
344 26.68551800 3.80427500 0.00294500 B 83.84810300
345 24.93014500 4.31750200 0.00431900 B 93.47094900
346 32.65208600 3.89360700 0.00399600 B 83.12610500
347 26.89899800 3.98826700 0.00338100 B 90.70681100
348 24.99812500 3.73938600 0.00310200 B 91.82672800
349 27.20337400 4.12054200 0.00350700 B 92.84458500
350 24.61222400 5.83109900 0.00417300 B 81.69675600
351 27.05084900 3.76140600 0.00289200 B 84.78223900
352 25.52038300 7.07673500 0.00593500 B 93.96751900
353 32.43712300 5.30326000 0.00324600 B 79.18977600
354 29.90418100 3.77137000 0.00226900 B 85.49006100
355 25.44024900 3.80625900 0.00229900 B 85.67039900
356 25.54735800 3.70738800 0.00268300 B 85.31349800
357 29.28888500 4.76003000 0.00243500 B 88.81086200
358 24.13742300 3.92087400 0.00364700 B 94.82295400
359 29.99456400 3.87807100 0.00253200 B 89.30946300
360 33.16737300 3.86347300 0.01174000 B 104.50286600
361 25.49875000 3.83528600 0.00303800 B 99.73519300
362 30.55662500 7.09425000 0.00485500 B 95.17022300
363 25.91928500 4.46215500 0.00318100 B 103.14674400
364 24.44377400 6.59160700 0.00387300 B 108.04353400
365 29.40100200 3.84706300 0.00225400 B 92.36546100
366 25.14221800 3.78882700 0.00252700 B 98.38891900
367 30.63726800 6.69609900 0.00239900 B 92.49787800
368 25.24122800 3.82754800 0.00201400 B 110.01618400
369 25.54478200 6.41996500 0.00584500 B 107.34463300
370 27.28786000 5.56700100 0.00360900 B 100.45207300
371 26.17679000 3.76182300 0.00317400 B 98.03487200
372 25.80710000 3.83017700 0.00260900 B 99.57864500
373 28.23771100 3.90731200 0.00309900 B 105.21873800
374 30.37949300 3.72415700 0.00304500 B 103.72236400
375 26.32831100 3.78377800 0.00336600 B 106.52084700
376 26.96687400 5.74807300 0.00764700 B 107.41114000
377 29.30882600 3.81131100 0.00205700 B 113.76491600
378 32.34385700 4.78960400 0.00258600 B 107.55693500
379 29.08299800 5.32934000 0.00536200 B 100.12089700
380 24.80829600 3.73915300 0.00279200 B 97.79233000
381 27.38496300 4.62469700 0.00702000 B 115.83928300
382 31.86831700 3.76203400 0.00273700 B 104.31189700
383 29.39209900 4.30407700 0.00658400 B 105.56181300
384 27.28738600 5.73328600 0.00323700 B 106.98621400
385 31.93121400 3.79143800 0.00402800 B 107.95467800
386 25.45276500 3.75345700 0.00315900 B 107.65707200
387 27.66545600 5.11295700 0.00540000 B 112.13781800
388 28.51181300 3.74096900 0.00273900 B 106.66812500
389 25.54997300 3.87666000 0.00270200 B 105.59523700
390 25.64302500 3.90500900 0.00301100 B 103.96435100
391 24.91578400 3.67671600 0.00221600 B 103.47257200
392 27.41719800 5.86970500 0.00505700 B 99.98296600
393 29.97259800 6.88617600 0.00498100 B 114.16826800
394 29.05086900 3.82439300 0.00299400 B 100.67043200
395 32.29234500 3.86767700 0.00283300 B 93.28964700
396 25.81755100 3.89098100 0.00332700 B 87.61317100
397 24.47228400 3.69237700 0.00239900 B 87.57769900
398 29.16748500 5.29040600 0.00266300 B 79.56295400
399 24.57939900 3.88908300 0.00343500 B 82.42068600
400 22.96431000 6.22288600 0.00471500 B 86.00706800
401 23.85483500 3.98466900 0.00245400 B 88.54413000
402 27.59549100 5.04901500 0.00580900 B 89.99619900
403 29.43110100 4.20260500 0.00411300 B 80.17357100
404 30.51068700 3.99821600 0.00249500 B 79.60733500
405 25.86490800 3.98799600 0.00235900 B 87.46841200
406 22.51276000 4.74242000 0.00438500 B 98.38882700
407 24.14225600 4.67495000 0.00271900 B 84.76244100
408 31.03874900 3.95461300 0.00192500 B 78.86406500
409 24.53585300 3.97389200 0.00196200 B 82.29276600
410 25.94557900 4.08083800 0.00216500 B 89.76498600
411 28.07112400 5.51824600 0.00225400 B 87.03684100
412 22.48214800 4.65122600 0.00172600 B 85.82308800
413 31.06058900 3.90289000 0.00219300 B 88.01949000
414 22.46887900 7.01780300 0.00427400 B 92.66664200
415 28.05796100 4.48726700 0.00443400 B 82.16005200
416 24.49335500 4.25440600 0.00220700 B 98.50042800
417 25.34496700 3.88269000 0.00241200 B 88.35069000
418 24.80995300 5.67543200 0.00673400 B 88.68010700
419 26.13686600 4.55447900 0.00278100 B 87.43614800
420 29.62707400 4.26170100 0.00348200 B 89.33305800
421 30.17704900 4.16457300 0.00260400 B 88.48248700
422 23.34378200 4.64956900 0.00291200 B 92.94683900
423 29.06121700 7.38635700 0.00601400 B 86.60799100
424 29.16803400 4.12024000 0.00207100 B 100.50451600
425 28.10254000 3.98449300 0.00247200 B 88.51804600
426 32.97864100 4.14542400 0.00245600 B 88.14981100
427 27.49537200 4.20216000 0.00232900 B 89.50587100
428 24.63168000 6.67388400 0.01170300 B 80.81723400
429 27.49317100 4.07963300 0.00250400 B 83.43833800
430 28.81401800 7.73170400 0.00221900 B 78.70969100
431 26.14873900 3.96192400 0.00323700 B 87.43035100
432 25.44137100 4.10221800 0.00220200 B 89.55635700
433 25.90167200 8.46913200 0.00305900 B 81.34800400
434 38.04009100 5.29440400 0.00473200 B 85.41505500
435 31.76017100 4.12298000 0.00223700 B 92.36107700
436 31.74344600 4.14426600 0.00225400 B 85.85284000
437 24.97471800 3.99377200 0.00256800 B 75.67249000
438 25.50014400 3.90738000 0.00254000 B 74.88194600
439 25.11020300 4.64271100 0.00293500 B 69.69236400
440 26.31420400 6.04444800 0.00467500 B 59.23292900
441 28.27646100 6.82783400 0.00262000 B 65.92646400
442 30.35831400 4.83233400 0.00269000 B 58.59922400
443 30.98578200 3.87587700 0.00231900 B 75.71639800
444 30.83500700 3.73881400 0.00305600 B 72.01572800
445 29.17689400 5.42692700 0.00320500 B 64.32230000
446 26.01961400 4.23721000 0.00231300 B 56.25192000
447 24.97303900 5.87949700 0.00549500 B 52.74474600
448 30.27839400 5.32980400 0.00389500 B 53.63509800
449 27.57094600 3.78631900 0.00231600 B 59.14757300
450 31.98873900 4.64855600 0.00333400 B 57.41223000
451 31.15935500 3.88954400 0.00284500 B 57.70327600
452 32.22063400 3.84815100 0.00340500 B 53.92372200
453 25.41366200 3.95993200 0.00226300 B 71.86571200
454 30.41417600 6.07390100 0.00600100 B 66.98241500
455 24.46508700 3.82209400 0.00208200 B 60.69343100
456 26.52250500 4.49542100 0.00264500 B 62.71131700
457 29.63223200 5.58712800 0.00506900 B 61.45492900
458 28.45687200 5.62218300 0.00291200 B 63.70455300
459 26.12447200 5.57218100 0.00795400 B 67.79551200
460 27.28054100 3.77524400 0.00256700 B 71.34285600
461 33.76045000 6.78251600 0.00575300 B 71.17628000
462 33.99411000 3.76609600 0.00286300 B 74.18067700
463 31.29713000 4.05472200 0.00199900 B 72.37967200
464 29.39209500 3.98826400 0.00277900 B 63.38610300
465 35.12193300 3.58346200 0.00203300 B 78.27115100
466 32.07479000 4.81288600 0.00265500 B 63.13820400
467 29.48125900 3.77156800 0.00236800 B 62.81943000
468 35.62797800 3.88196100 0.00328600 B 72.09279600
469 26.86056200 3.82562600 0.00294000 B 74.57197100
470 25.70384300 6.87243900 0.00690700 B 64.06223100
471 28.12084900 4.90816900 0.00273000 B 64.50637900
472 33.85146800 3.79303800 0.00257300 B 74.94460400
473 30.68666500 6.92944100 0.00579100 B 63.70500000
474 28.04601300 5.11492100 0.00185600 B 64.80083500
475 29.12378800 3.61987100 0.00214100 B 59.97493200
476 30.95001400 4.17930600 0.00292100 B 70.16352700
477 25.71140400 3.69965100 0.00214400 B 71.06983200
478 24.46169500 3.66362100 0.00251000 B 75.18859600
479 26.26024900 4.31156100 0.00230700 B 65.18628600
480 27.60010400 7.50543600 0.00269200 B 65.70770000
481 30.54629700 3.80534000 0.00332600 B 77.83809800
482 27.30934400 4.72429500 0.00342500 B 70.75878700
483 28.31949400 5.10808400 0.00263600 B 59.14619800
484 26.14588900 8.20986900 0.00220400 B 63.54912200
485 24.60642800 3.93272100 0.00246700 B 61.86417900
486 24.63961800 3.62923700 0.00192700 B 61.89978400
487 30.88007700 3.81632000 0.00298500 B 73.05713800
488 24.60064800 3.65136200 0.00323000 B 69.82512100
489 25.89456800 3.66705100 0.00300800 B 73.79664400
490 26.73559800 6.39113500 0.00209800 B 65.85058600
491 27.69872100 3.68212300 0.00232500 B 60.93795300
492 24.85663400 3.79384300 0.00274900 B 58.85258700
493 28.69478900 4.56973900 0.00266400 B 65.47561100
494 32.06711000 3.60946800 0.00198000 B 63.46547200
495 33.32682300 3.71957600 0.00221600 B 72.52179600
496 29.21255000 5.96584900 0.00274700 B 70.64039000
497 25.40787600 3.64150800 0.00183800 B 60.67800100
498 31.20865000 3.68855400 0.00228300 B 69.70711500
499 26.52724400 3.61839900 0.00160400 B 71.17416100
500 25.74590400 3.87934000 0.00272600 B 70.74840900
501 28.10094000 6.78503900 0.00593800 B 59.64999000
502 27.00340100 6.68817700 0.00457200 B 68.52333500
503 28.51516800 5.69750300 0.00207100 B 59.31223100
504 25.59746100 3.70966400 0.00160400 B 60.08105000
505 25.98038400 3.80757300 0.00202100 B 62.04415700
506 24.61584700 5.65700000 0.00760300 B 65.67831300
507 39.07022200 3.77821000 0.00194300 B 58.56196000
508 32.48495000 4.12431000 0.00237000 B 65.78602700
509 30.66225700 3.68994200 0.00244500 B 70.15596000
510 30.13211000 3.60055100 0.00218500 B 72.64163100
511 27.91135000 4.83454800 0.00253900 B 65.10233700
512 30.57183200 3.90613100 0.00260500 B 58.46760600
513 32.52309600 4.39979800 0.00225100 B 68.55613100
514 31.12577100 3.72760100 0.00204900 B 70.95057900
515 27.10617200 3.75934100 0.00279500 B 70.77585400
516 24.46910600 4.25590500 0.00229600 B 59.81329100
517 31.32091000 5.83652400 0.00263400 B 63.45676600
518 29.43347700 5.75000000 0.00281400 B 60.87179100
519 28.66978700 4.80455500 0.00219500 B 54.78593000
520 29.03522000 8.19530300 0.00340900 B 64.10300000
521 24.73730900 3.95978800 0.00246100 B 60.73170600
522 28.62314600 5.22835200 0.00178200 B 62.57473600
523 26.02983100 3.67752100 0.00195500 B 59.63313300
524 25.29435900 3.56668700 0.00224300 B 60.54204900
525 27.98932100 3.56997700 0.00197000 B 61.44477900
526 29.43176600 5.31046300 0.00557400 B 65.72648700
527 26.76568500 5.55752900 0.00311100 B 64.80273500
528 34.53851800 3.79594300 0.00264200 B 55.31622700
529 27.81250700 5.68522200 0.00303500 B 67.88933600
530 32.39769800 3.76675500 0.00307500 B 72.85080700
531 29.95359100 3.79725600 0.00258300 B 67.13965600
532 29.52431300 7.01783100 0.00249500 B 56.66099500
533 31.20955800 5.58213500 0.00494600 B 62.15146100
534 25.87958300 3.83386900 0.00215700 B 59.06641000
535 27.08289600 6.19737400 0.00580100 B 66.73330700
536 25.25177500 3.81879800 0.00219400 B 60.45119800
537 24.65449200 3.82315100 0.00244100 B 59.79485100
538 27.82411300 5.54310200 0.00202600 B 63.20493500
539 25.35659400 4.05571800 0.00224300 B 58.63526300
540 27.95612600 6.78026300 0.00505400 B 67.58868200
541 27.21430300 8.35187000 0.01329100 B 60.72520000
542 35.74494100 3.99407300 0.00245400 B 56.00049000
543 27.41883700 3.95569200 0.01164700 B 54.00894800
544 29.93414600 5.69689600 0.00370900 B 49.06850300
545 31.39094000 7.62847100 0.00580400 B 52.27074100
546 38.12100600 6.46196200 0.00580300 B 54.35568400
547 35.71143400 6.49506700 0.00376200 B 52.44224000
548 28.98294900 4.67059600 0.00586400 B 56.58248900
549 29.25649500 6.01948600 0.00607500 B 58.99668600
550 26.97523600 5.28277600 0.00421500 B 51.50131500
551 29.08275400 3.78081300 0.00255300 B 54.61990600
552 30.74824500 3.93086100 0.00276400 B 69.03445900
553 25.85530600 5.89878900 0.00722800 B 70.43145500
554 29.95116900 5.64325500 0.00261300 B 68.13341000
555 32.44431700 4.03618200 0.00408400 B 76.44148700
556 27.37956600 7.95903900 0.00398700 B 77.65912100
557 32.98015700 3.72157000 0.00253300 B 73.29611700
558 33.93641100 4.75242000 0.00306100 B 63.28914700
559 28.52568700 4.65357900 0.00344200 B 64.78974000
560 35.43064200 3.86073000 0.00429500 B 72.29152400
561 35.53802600 5.44204900 0.00633900 B 66.93103200
562 32.75378300 3.94263500 0.00386100 B 61.64115300
563 26.57489700 3.69081100 0.00267300 B 80.58512800
564 26.33287000 4.85338500 0.00539800 B 89.77526300
565 27.12082800 3.73724500 0.00278100 B 83.27363800
566 27.06386600 3.79010800 0.00443700 B 81.25486400
567 28.52738200 3.68136700 0.00263600 B 83.52617300
568 37.76687000 3.94595900 0.00385900 B 86.30192000
569 33.45622700 3.77266200 0.00267100 B 88.83902700
570 28.60611300 5.20248300 0.00407400 B 82.08612000
571 27.14181600 3.69775700 0.00273000 B 86.70941600
572 34.20483000 3.84689900 0.00373600 B 86.39227400
573 30.38078400 4.45293900 0.00303800 B 84.85203600
574 26.48714400 3.63846200 0.00307200 B 90.00821100
575 26.47809800 3.74541500 0.00263900 B 88.64442400
576 33.33816300 3.88704200 0.00412700 B 92.40167000
577 33.12017700 3.87964600 0.00317700 B 86.30512300
578 26.13071000 5.95960500 0.00785300 B 87.46081000
579 31.64787100 3.85297400 0.00360800 B 88.96952300
580 27.81358100 3.79449100 0.00260200 B 89.85212000
581 30.13326600 3.67630500 0.00243500 B 91.01415600
582 32.42374300 3.89264500 0.00306200 B 81.47316900
583 32.63802600 4.12534900 0.00392200 B 75.66128800
584 27.85408400 3.76435600 0.00389600 B 88.80564600
585 32.46856200 3.77421700 0.00462800 B 86.03615600
586 26.42485800 3.84654500 0.00295800 B 61.29189500
587 27.87742100 3.86048300 0.00362400 B 62.10441100
588 27.64804300 3.77423200 0.00421100 B 61.20812200
589 29.63636000 4.80529400 0.00369100 B 64.28240500
590 39.31618900 3.60285400 0.00270900 B 72.21324900
591 26.05585200 3.59607900 0.00285600 B 72.42673600
592 29.23987800 3.71356500 0.00303900 B 70.92287200
593 28.17297100 5.95153200 0.00302500 B 62.65211900
594 26.55933600 3.73082200 0.00255100 B 63.29459000
595 27.64261500 5.58517000 0.00364300 B 60.26949100
596 32.52287900 5.60727900 0.00300600 B 61.87402400
597 27.67762600 5.05504600 0.00358500 B 62.69901800
598 32.94888600 3.79543900 0.00392200 B 71.03709000
599 27.88684500 3.64784800 0.00503000 B 71.69192700
600 26.51554600 4.18103500 0.00731900 B 70.49101700
601 32.17097400 6.02713300 0.00420600 B 61.00868000
602 32.63417500 4.17189200 0.00371500 B 69.12927800
603 31.82967600 3.72540800 0.00311200 B 73.76423900
604 27.89405200 4.85815100 0.00718300 B 68.36578400
605 25.75696800 3.77464000 0.00400700 B 49.86154300
606 34.41320600 3.70490000 0.00331000 B 57.87425300
607 30.19033400 3.73281700 0.00363100 B 52.30124100
608 29.56770800 4.13400000 0.00422200 B 47.21853800
609 26.32530400 3.71212500 0.00491200 B 46.29074600
610 32.12068200 3.85878000 0.00264200 B 57.46641100
611 28.16807800 3.81707500 0.00336400 B 50.16529100
612 25.51543500 3.58364200 0.00263200 B 66.86975600
613 26.18752100 3.75286000 0.00335900 B 71.48758400
614 25.27045400 3.68910600 0.00325600 B 66.43557400
615 33.23124500 3.68632700 0.00282200 B 64.93928100
616 29.77607600 4.65115500 0.00723200 B 67.68338700
617 25.86021500 3.81222200 0.00283800 B 60.94017500
618 26.02929100 7.69870200 0.00555000 B 68.44243600
619 25.95195900 3.62110300 0.00270300 B 66.21812400
620 30.46533800 3.63322200 0.00357700 B 66.87538400
621 32.34106700 3.68184300 0.00283000 B 73.72100300
622 28.05721200 6.49610400 0.00251400 B 68.72545700
623 26.90969300 3.59278200 0.00226600 B 71.70928700
624 26.31274100 3.57995700 0.00260600 B 71.79878400
625 25.90972100 3.62276200 0.01124800 B 68.21500500
626 27.44086700 5.10721400 0.00513000 B 78.89406600
627 27.67948900 3.47648300 0.00233000 B 85.16403500
628 29.62577500 4.69045800 0.00352300 B 82.56207600
629 27.61482000 3.66792200 0.00340500 B 84.91480400
630 33.36004100 3.77165500 0.00248700 B 87.56212900
631 33.52439400 3.75130600 0.00305900 B 84.04135100
632 33.73004100 4.16908700 0.00293100 B 73.40385500
633 26.64897400 3.54892300 0.00251700 B 86.91377100
634 28.14490900 4.18716400 0.00236100 B 76.00673300
635 33.14831900 3.63293300 0.00238700 B 81.14245700
636 26.65965000 3.73144800 0.00280800 B 79.47763400
637 36.43886900 3.71213600 0.00211100 B 87.48424600
638 27.21030500 3.69308700 0.00347000 B 70.96646200
639 28.36507200 3.67657300 0.00252300 B 73.86445300
640 26.40619800 4.51454000 0.00473000 B 67.98379900
641 25.54058800 4.90158400 0.00559700 B 63.39220800
642 29.97013700 6.06474400 0.00203000 B 65.31347500
643 33.96630700 3.75245400 0.00325300 B 71.32212000
644 32.11631800 3.70342100 0.00510000 B 65.58902700
645 31.43316100 5.39212500 0.00344400 B 64.31771800
646 33.09023300 4.17690100 0.00344700 B 60.40015800
647 32.94490000 3.75707300 0.00408900 B 56.20075400
648 27.87872000 4.58181300 0.00240400 B 64.77959400
649 30.49563600 3.73451500 0.00366300 B 68.02234500
650 27.82322300 3.76354900 0.00279000 B 70.21796300
651 32.07404700 5.35117300 0.00717700 B 61.93867300
652 39.62683000 4.99260500 0.00330100 B 56.08116700
653 32.20557800 5.56921500 0.00319600 B 61.24798600
654 26.32877700 3.65821500 0.00323400 B 60.35830100
655 32.74642600 3.66205900 0.00351800 B 69.84176800
656 30.35083000 3.76036600 0.00345000 B 72.14852600
657 30.12075200 6.68622700 0.00306700 B 55.57649100
658 34.25080200 3.86368500 0.00320100 B 60.85178300
659 33.32608600 3.78904700 0.00288700 B 62.16313700
660 26.42264500 3.95939000 0.00399500 B 59.48123600
661 34.23251200 3.65458500 0.00243500 B 67.86158800
662 31.22886600 3.81925400 0.00302400 B 73.20182300
663 31.28399800 6.97662100 0.00434400 B 59.71394600
664 31.64052500 4.55283500 0.00257000 B 61.04975700
665 26.93462500 4.31758000 0.00325800 B 58.55670200
666 30.51299900 6.46791600 0.00313500 B 65.36631000
667 35.15264700 3.89001100 0.00333300 B 73.73146300
668 29.15120100 5.14669400 0.00289600 B 36.58915500
669 35.71264200 4.13581700 0.00275400 B 34.83048000
670 34.63109500 4.29164300 0.00301400 B 40.34946900
671 34.83961600 4.20208600 0.00331900 B 29.29866900
672 31.39383000 4.26279400 0.00320400 B 37.84941700
673 30.28326500 5.78235100 0.00255100 B 31.93348500
674 32.13421200 4.07427700 0.00259400 B 34.79914800
675 37.04755700 6.15100100 0.00466500 B 36.50397000
676 34.65090400 4.00803900 0.00243500 B 34.95323700
677 35.29327000 6.59492800 0.00455200 B 35.43421500
678 31.48952100 4.13004700 0.00294600 B 33.42624900
679 28.52357100 5.35565400 0.00409200 B 52.39384900
680 37.19821900 5.17618100 0.00753800 B 57.01205000
681 28.67152600 4.13097200 0.00328000 B 60.02289600
682 30.78503000 4.04938800 0.00246000 B 60.27976900
683 36.75124900 4.19403700 0.00284400 B 61.33856800
684 33.62361000 7.94214300 0.00796800 B 58.93666900
685 38.98364500 4.19743100 0.00367200 B 51.22089400
686 39.07809800 4.84410100 0.00255400 B 54.79929500
687 35.38145000 4.39227700 0.00272100 B 71.70540800
688 31.65580100 5.77313000 0.00499200 B 61.57910400
689 27.96652600 6.88146500 0.00538400 B 59.74550200
690 34.68312500 5.01472800 0.00328900 B 58.53218500
691 31.53727300 5.40310100 0.00490800 B 56.24194300
692 27.96196700 5.24825700 0.00513500 B 53.51546500
693 36.84798900 5.08428400 0.00419900 B 77.82704200
694 35.07028400 4.25423300 0.00371200 B 74.44533300
695 37.31598300 4.23354900 0.00350400 B 54.27511200
696 32.31594900 4.18223700 0.00390400 B 53.47452800
697 26.78069300 5.61032800 0.00840200 B 44.35416700
698 34.53564000 4.23677200 0.00316300 B 32.76211400
699 28.58396600 4.10607700 0.00218200 B 20.35368100
700 33.46301300 4.14850500 0.00267400 B 24.50883400
701 30.18379700 4.26311100 0.00316100 B 22.87602800
702 29.07167800 3.93857800 0.00269700 B 19.98233500
703 29.78411400 5.48921700 0.01300700 B 22.61683200
704 28.81811800 4.12246100 0.00358400 B 17.58563400
705 28.97569800 4.41970000 0.00315800 B 18.01583600
706 24.38095400 9.23556700 0.00406300 B 18.87893200
707 36.72317400 3.95533700 0.00327600 B 15.95552800
708 25.02982400 5.11038800 0.00301500 B 19.92228500
709 31.98033200 4.18657100 0.00200900 B 19.41424500
710 30.25540500 3.85923500 0.00277900 B 20.75554200
711 28.90290600 3.85797200 0.00292200 B 14.25705300
712 28.42406100 3.83028600 0.00330200 B 31.58411000
713 36.53442600 5.86968400 0.00324900 B 41.40245800
714 33.63067600 4.59798600 0.00178900 B 28.86030700
715 30.31147000 3.78084300 0.00188500 B 36.17902700
716 29.01505600 3.91932700 0.00188200 B 36.82663100
717 24.78678200 4.43046800 0.00244300 B 33.97640200
718 30.27690200 3.82436300 0.00213800 B 29.09878000
719 28.96449500 3.84990100 0.00255300 B 33.37361500
720 33.39673600 3.79538600 0.00238000 B 37.30065500
721 24.84522300 4.37006000 0.00288700 B 32.59473500
722 30.47406400 4.65639000 0.00282600 B 31.71163700
723 29.27859000 3.84724900 0.00261000 B 32.86406600
724 32.91307100 3.86803200 0.00182400 B 36.93719000
725 26.85349500 6.43271300 0.00473900 B 30.19140100
726 30.49667800 4.17343200 0.00224300 B 28.53134900
727 25.47234600 3.86825200 0.00246400 B 32.98845800
728 31.42099600 4.26336300 0.00231500 B 33.71874200
729 33.36235900 6.40410000 0.00665100 B 31.74829500
730 37.07771500 4.17940500 0.00306500 B 32.61705600
731 29.32974800 3.81878700 0.00283800 B 35.63148700
732 29.08045800 5.48035300 0.00663400 B 31.53006000
733 34.10014600 3.78056500 0.00270200 B 32.24366200
734 31.31665200 3.83123300 0.00261900 B 32.49378600
735 30.60813600 4.27037400 0.00507700 B 37.05769900
736 27.69176300 3.80220900 0.00295400 B 30.83642800
737 31.56875400 3.74822500 0.00270800 B 36.67606700
738 31.20290800 3.78771700 0.00317900 B 38.61031400
739 25.00252300 5.24887800 0.00524500 B 28.46363500
740 30.86085100 3.82921700 0.00239700 B 27.18135300
741 33.42569900 3.93068100 0.00220500 B 32.10366000
742 31.94663100 3.82959600 0.00320800 B 32.60624400
743 30.54406600 4.14843300 0.00471000 B 37.45210400
744 32.37446900 4.59126600 0.00255000 B 31.37100300
745 30.65999400 3.87402900 0.00300200 B 32.94430300
746 31.63270000 5.84286500 0.00493000 B 33.93379300
747 35.79132800 3.71961300 0.00285600 B 33.02860500
748 27.93674500 3.77060000 0.00256600 B 30.83685900
749 31.72543600 3.67146000 0.00280700 B 34.82265100
750 29.17298900 5.40603700 0.00297800 B 27.38979000
751 27.38628600 3.68286100 0.00249500 B 28.97401100
752 35.26200800 4.16303400 0.00276000 B 30.41078000
753 30.20039000 3.79118100 0.00290200 B 37.43240100
754 28.91095700 5.42183600 0.00314800 B 32.43067100
755 32.12509100 3.83061400 0.00233700 B 30.90269400
756 28.94576000 3.84981000 0.00231600 B 33.28457000
757 32.60998900 3.91707300 0.00272400 B 37.13792500
758 24.23229200 4.80228600 0.00692600 B 31.36534300
759 29.19030500 4.83577800 0.00294300 B 28.71451400
760 30.29121400 3.92596000 0.00243000 B 31.43332200
761 28.34498200 3.91848700 0.00287700 B 31.65337700
762 31.35285400 3.96758200 0.00231000 B 35.92132100
763 24.12245900 5.12401400 0.00414000 B 37.61526700
764 25.69529600 3.94494800 0.00256700 B 32.04837600
765 32.12307000 3.92967600 0.00296100 B 32.22317600
766 28.42033000 3.74145700 0.00157500 B 34.65488300
767 27.53651100 7.80505600 0.00253300 B 28.60225400
768 28.83402400 3.57521800 0.00191600 B 33.24874400
769 32.45253200 3.73489700 0.00261000 B 36.07830800
770 24.58404100 4.21916100 0.00194600 B 37.93643500
771 31.49716400 3.86475500 0.00243100 B 33.31295200
772 32.35553500 3.85769600 0.00262300 B 36.20729700
773 28.26678400 5.73494700 0.00495600 B 33.27013900
774 33.98345200 3.87610600 0.00326200 B 34.65948900
775 29.97649600 3.93327300 0.00215200 B 35.19572500
776 24.29135700 7.90515800 0.00746100 B 33.56911700
777 28.95998300 3.96237900 0.00213500 B 37.78586700
778 25.04387400 3.94485500 0.00231000 B 34.81878400
779 30.60914500 3.91510800 0.00291800 B 38.49185900
780 28.90487900 5.89164200 0.00339900 B 20.46687600
781 23.33110000 4.12783700 0.00313800 B 20.66898300
782 31.17884100 3.96960400 0.00277300 B 22.00261300
783 31.48834800 3.95564000 0.00348800 B 17.63333400
784 27.32307000 3.81964500 0.00284200 B 13.18785500
785 28.66849900 5.19136000 0.00454600 B 15.20466600
786 26.36891400 3.91247200 0.00646400 B 22.37518700
787 30.18267800 3.91174700 0.00272100 B 23.08886100
788 30.57371100 3.93432700 0.00258900 B 20.31818100
789 31.55570200 3.80300900 0.00252700 B 15.03363900
790 27.04581900 3.87110400 0.00250800 B 12.95980200
791 27.83067100 5.06443800 0.00502000 B 19.25484500
792 30.26495400 6.22903500 0.00574000 B 18.10063800
793 29.81733700 4.03337300 0.00297300 B 20.58276700
794 28.17913800 3.85931500 0.00246300 B 15.21373100
795 30.14142200 3.92559800 0.00274400 B 12.86001200
796 28.45554800 5.43819700 0.00387900 B 14.92014100
797 27.52809700 4.24978400 0.00472500 B 21.41222800
798 30.39772600 3.80104700 0.00237500 B 19.30925500
799 31.36338200 3.90596600 0.00305800 B 13.83567800
800 29.82118500 4.00194900 0.00204900 B 14.26447700
801 25.71526600 5.66301300 0.00329500 B 15.04425500
802 30.73044800 4.26369400 0.00292700 B 21.04799800
803 30.06299400 3.96085700 0.00289100 B 17.55626300
804 31.51957800 3.92817900 0.00237300 B 13.59415000
805 34.79650300 3.93670400 0.00250300 B 14.41215600
806 29.68613700 4.01484800 0.00322400 B 13.13701900
807 23.39408800 3.91734100 0.00360300 B 23.86174300
808 31.81318000 3.96200900 0.00356300 B 21.60399300
809 29.03664200 3.83757900 0.00210000 B 17.09248700
810 30.06290700 3.90968200 0.00285700 B 13.18554300
811 34.14631500 3.89957500 0.00298100 B 12.98138200
812 28.09048800 6.28193700 0.00558900 B 16.62394800
813 28.52946100 4.02634800 0.00535300 B 21.21867200
814 29.82598500 4.00028300 0.00276900 B 18.91864800
815 31.17014000 3.93169100 0.00309300 B 14.58261000
816 28.79084400 4.48375200 0.00440300 B 13.43376500
817 25.51866900 6.09092600 0.00564600 B 18.24878900
818 27.46077400 6.68291500 0.00546800 B 19.86655500
819 29.25966100 4.12533100 0.00501000 B 21.27235700
820 33.45105200 4.08102400 0.00497100 B 21.83971300
821 28.59225800 4.11523300 0.00322300 B 18.34612300
822 29.51763700 3.99321300 0.00368300 B 13.57576700
823 31.28718500 3.99678900 0.00350200 B 12.34381400
824 25.97298800 8.31946400 0.00365100 B 17.54297700
825 34.93442900 5.65661600 0.00407400 B 12.44571800
826 24.24875000 3.91047100 0.00368000 B 17.94595500
827 31.34218100 3.98283800 0.00293500 B 14.39324900
828 34.39141700 4.68443600 0.00397000 B 14.58913600
829 28.84486300 6.16406400 0.00236900 B 12.91285200
830 25.23288100 4.31209600 0.00290900 B 20.72445600
831 31.18553500 4.08222100 0.00303200 B 21.76943100
832 32.27822000 4.03995600 0.00229700 B 21.30596400
833 32.01697800 4.06787100 0.00286500 B 16.25454500
834 34.11895400 3.98895400 0.00307000 B 13.03219200
835 26.95259600 4.08875600 0.00270500 B 13.41462900
836 28.45128100 5.39985300 0.00439200 B 19.87913100
837 31.62085200 4.83896200 0.00565400 B 20.57283800
838 30.01418300 3.99596500 0.00215400 B 21.37197000
839 30.16353900 3.89803300 0.00305100 B 22.01863200
840 30.82019000 3.89953300 0.00180700 B 16.69237000
841 28.82223800 3.78208500 0.00213900 B 13.18994500
842 26.15474100 5.35837500 0.00226000 B 13.20224400
843 32.85933500 5.66996300 0.00378500 B 17.15489700
844 29.49113200 4.47363300 0.00194500 C 11.34324200
845 22.76389800 4.01806800 0.00182100 C 7.46379600
846 26.41104900 4.36141300 0.00503000 B 20.72898100
847 29.41560900 3.91426200 0.00282000 B 21.20690100
848 31.36452900 3.84955900 0.00241800 B 17.39986200
849 30.24213000 3.97484500 0.00273000 B 13.00863100
850 27.13863800 4.91755200 0.00366500 B 13.23788000
851 32.36976300 6.38998500 0.01441300 B 17.89648900
852 29.34652400 3.98480400 0.00424400 B 22.28998600
853 29.51433700 3.84825200 0.00207100 B 20.90607700
854 30.02902500 3.78359000 0.00236900 B 16.65713500
855 29.82323500 3.88173600 0.00264300 B 12.59948200
856 28.27239800 5.37091700 0.00299100 B 17.70262200
857 26.99505600 4.62504500 0.00491500 B 20.04264600
858 29.76526700 3.88203300 0.00232800 B 21.98621100
859 32.05838400 3.87280000 0.00270700 B 20.91417900
860 30.34431600 3.94208000 0.00247700 B 16.66319100
861 30.50198100 4.03254800 0.00343700 B 13.02529500
862 24.44746500 5.76045800 0.00248900 C 8.07969500
863 30.95811200 3.97009700 0.00357300 B 18.04598400
864 33.33639300 4.03153900 0.00207700 C 7.46869400
865 28.45469400 5.13734000 0.00205000 B 12.53875200
866 29.95194500 5.89128000 0.00600400 B 18.70063600
867 28.38713800 4.74506200 0.00479900 B 19.59507500
868 29.66559900 3.95454900 0.00202300 B 22.18637600
869 30.17451200 3.89668600 0.00237500 B 19.18661900
870 31.08137900 3.82537100 0.00222900 B 13.81089200
871 29.75449800 4.07961400 0.00165500 C 7.76816700
872 28.23398600 4.71959500 0.00325200 B 20.65226100
873 27.66055100 3.81621200 0.00220800 B 23.62833000
874 29.90557600 3.74878700 0.00145400 C 7.78966000
875 30.75672500 3.88070600 0.00224300 B 12.51657700
876 21.97344900 3.76996200 0.00184200 C 10.94963100
877 23.26617600 3.99500500 0.00245900 B 12.15576600
878 27.86379400 4.92362600 0.00264700 C 10.56003800
879 30.83438400 3.73579000 0.00214200 B 15.37462800
880 29.75159000 3.81135000 0.00208700 C 7.59306900
881 27.71413000 4.64591100 0.00265100 C 10.28266000
882 22.38706600 3.91922000 0.00192300 C 7.48047800
883 26.44772400 4.60769400 0.00128500 C 10.58341700
884 30.05242400 3.79208600 0.00111400 C 7.36441300
885 22.15603000 4.44081800 0.00135100 C 9.30474200
886 27.99191100 3.70506200 0.00099000 C 7.61203400
887 24.35076200 5.79626700 0.00438100 C 10.27865800
888 28.77621100 3.75995900 0.00168300 C 7.40760000
889 22.46211100 8.04303800 0.00301000 C 9.68806800
890 28.47152400 3.80069000 0.00200600 C 7.59943100
891 24.51800700 5.76374100 0.00446500 C 8.74595500
892 28.71064200 3.87766200 0.00191300 C 7.49025800
893 30.07943600 4.53341600 0.00191300 C 7.39681700
894 28.81989600 3.77711200 0.00160800 C 9.32093400
895 26.00273600 4.45077900 0.00204000 C 7.90464800
896 27.65901900 4.50720400 0.00237900 C 10.34073700
897 27.55896600 3.79378900 0.00221400 B 11.88821800
898 26.47327100 5.70532000 0.00165800 C 9.16272300
899 30.81574700 3.71782700 0.00169200 C 7.69683100
900 22.41550000 3.74695700 0.00167600 C 7.68042600
901 30.03063900 3.71113300 0.00154700 C 7.79158100
902 26.91333600 4.26809500 0.00182500 C 8.13016900
903 31.01040600 3.75600200 0.00155400 C 9.56855600
904 30.36748400 3.80502200 0.00131200 C 7.60826500
905 25.41264000 3.82599800 0.00213600 C 9.65154700
906 28.81575200 3.72813900 0.00153700 C 7.39751200
907 24.86108100 4.48880700 0.00438200 C 10.17482600
908 28.29908500 3.75149000 0.00086900 C 7.41773300
909 22.06527000 4.52613600 0.00142200 C 9.57701700
910 22.22170400 3.77475000 0.00145300 C 7.52291700
911 25.86488600 3.75058300 0.00146200 C 9.41412400
912 28.41175700 3.78806500 0.00139900 C 7.51971100
913 24.33747600 4.18209000 0.00140700 C 10.79658100
914 23.34715300 3.85354700 0.00174900 C 7.40819600
915 25.25811000 3.79209100 0.00147100 C 9.61402500
916 23.03476600 3.74015100 0.00149800 C 7.37212200
917 26.88320600 4.07183400 0.00259500 C 9.48885700
918 28.82860600 3.67656900 0.00089300 C 7.42588200
919 23.96579900 4.17847000 0.00244600 C 10.05482200
920 27.67955900 3.64244000 0.00177700 C 7.47697100
921 22.36679500 3.88919000 0.00321100 C 10.11933600
922 28.96050000 3.66470800 0.00152000 C 7.34979700
923 23.07522900 4.15677200 0.00165200 C 10.12598400
924 22.94533800 3.72029100 0.00149200 C 7.41902200
925 25.45929600 3.69573900 0.00155900 C 9.36186700
926 29.84111300 3.71336800 0.00138700 C 7.45232500
927 24.99830700 6.65314500 0.00163000 C 9.20110400
928 27.76210100 3.62663900 0.00088600 C 7.37825700
929 22.50484500 4.15490700 0.00154900 C 9.92481600
930 25.43423000 3.71548200 0.00172100 C 7.26969500
931 26.01239300 4.65668300 0.00222500 C 9.23496900
932 22.25821900 3.72014300 0.00149000 C 7.45032700
933 26.54635100 3.69117200 0.00140700 C 9.75759600
934 24.47381200 3.80391300 0.00159000 C 7.46632300
935 27.82616900 4.54447800 0.00202700 C 11.19225900
936 22.09901500 3.76417400 0.00127900 C 7.38745700
937 25.07081800 3.79048300 0.00145700 C 9.30535500
938 28.62608200 3.60719900 0.00112900 C 7.42524800
939 24.14861800 4.37981900 0.00135100 C 9.66682900
940 27.87005000 3.64844700 0.00088800 C 7.45360900
941 22.45057000 4.77393000 0.00274000 C 8.61034100
942 24.28796200 3.74602700 0.00143900 C 7.44258500
943 26.04611600 4.86041200 0.00365800 C 8.99780300
944 27.60319800 3.73945700 0.00177000 C 7.45828000
945 22.70011000 4.39059200 0.00153100 C 9.54099600
946 28.51335800 3.66385500 0.00162900 C 7.40206100
947 24.02470900 4.22611500 0.00164000 C 9.73146300
948 28.51797300 3.75941400 0.00188600 C 7.53073700
949 25.58200700 5.45466800 0.00266400 C 7.79924400
950 29.21018500 3.64788900 0.00096100 C 7.38704800
951 27.43277700 6.26026000 0.00276400 C 7.61254300
952 28.45819800 3.67870200 0.00123800 C 7.44440900
953 24.58375800 5.01775000 0.00250700 C 8.74739400
954 31.84768000 3.66160500 0.00141600 C 8.02552000
955 25.65744700 4.57523600 0.00194000 C 7.47030800
956 28.34476800 3.73185300 0.00130100 C 7.45442300
957 24.46213900 5.73125500 0.00115200 C 7.75633400
958 29.19135800 3.62528900 0.00127200 C 7.51094500
959 23.33040200 3.64117100 0.00174600 C 7.44034800
960 27.75892300 3.69421800 0.00124400 C 7.52109600
961 24.99087100 3.98408400 0.00138300 C 9.80081700
962 29.39097000 4.10281000 0.00219000 C 7.50850200
963 22.32320300 3.94805400 0.00172800 C 9.41966400
964 28.70148500 3.70833700 0.00172700 C 7.35293100
965 23.28629900 3.84400300 0.00248300 C 9.67803700
966 27.67001700 3.74014900 0.00156700 C 7.47463600
967 22.95025700 6.24594400 0.00230100 C 9.48480800
968 28.58895600 3.69498400 0.00142500 C 7.47723400
969 23.48950700 6.22887200 0.00320200 C 9.29817000
970 28.92769800 3.76159400 0.00140800 C 7.61623900
971 24.03472900 5.58943900 0.00140000 C 7.83033700
972 26.43049100 3.68891600 0.00143100 C 7.42972500
973 23.84694700 6.51895700 0.00163300 C 9.00383600
974 27.86702500 3.86420600 0.00121300 C 7.52823200
975 21.97632400 4.10851800 0.00173800 C 11.19695200
976 28.58293800 3.79806200 0.00118000 C 7.58953700
977 23.97981300 5.22743700 0.00262100 C 9.54034000
978 29.29975000 3.86527200 0.00113100 C 7.52357400
979 21.81182100 4.87542300 0.00120800 C 10.03320600
980 22.57978100 3.87357400 0.00143800 C 7.51407100
981 25.36700200 3.76917200 0.00136300 C 12.27893700
982 22.97286400 3.80117700 0.00122500 C 7.54250100
983 29.02716300 4.28322300 0.00163900 C 12.23069800
984 22.04693200 3.72181000 0.00117300 C 7.33203500
985 27.48365100 3.71885700 0.00148700 C 11.91399400
986 30.14493200 3.80965700 0.00157600 C 7.49570900
987 22.21289000 4.62304900 0.00350900 C 10.64073600
988 29.44361500 3.86743300 0.00182200 C 7.52924800
989 22.54103700 4.43267900 0.00298000 C 9.76896600
990 29.32489200 3.82178300 0.00182100 C 7.33250400
991 23.09593600 5.67508400 0.00157300 C 8.99534000
992 30.93454500 3.76896400 0.00153400 C 7.47192300
993 22.93686200 4.04501500 0.00147000 C 10.29889600
994 28.73177300 3.69605600 0.00168900 C 7.36039300
995 24.36264800 4.93422500 0.00260800 C 9.09847100
996 22.55249000 3.81543200 0.00177900 C 7.46493000
997 25.32613000 3.74751800 0.00144200 C 9.53646400
998 22.38160600 3.73003800 0.00234100 C 7.40852400
999 29.05931200 3.74448900 0.00149200 C 8.87986200
1000 22.36749000 4.32635800 0.00191400 C 7.46920500
1001 28.68263200 3.83310700 0.00114400 C 11.64206800
1002 29.46813900 3.78422100 0.00114800 C 7.50295800
1003 32.46761000 7.23146400 0.00146000 C 7.66714100
1004 31.01062100 3.67534700 0.00168800 C 8.49581900
1005 24.17905600 3.75808400 0.00156600 C 7.35661100
1006 26.91528300 3.61887000 0.00136000 C 7.33185900
1007 21.68859700 3.78255700 0.00156400 C 7.39978200
1008 29.66016400 3.74096600 0.00143500 C 7.44604500
1009 23.00751100 3.97228000 0.00180900 C 9.99266200
1010 28.12038700 3.83417900 0.00175900 C 7.59102300
1011 24.45952100 4.11965200 0.00145300 C 9.62501100
1012 27.87482000 3.72355400 0.00160100 C 7.41074500
1013 25.95485000 5.57696600 0.00293900 C 8.94012100
1014 28.67827000 3.71373800 0.00143400 C 7.57761400
1015 21.42915200 3.75333700 0.00172000 C 10.49458800
1016 29.98265500 3.73873900 0.00159700 C 7.43478400
1017 22.26332200 4.24969000 0.00149200 C 9.09308900
1018 28.04503500 3.81568400 0.00106100 C 7.53849300
1019 24.32981000 4.65911700 0.00326000 C 10.04963300
1020 29.81326100 3.75621600 0.00146000 C 7.42901300
1021 21.97862900 4.12032100 0.00188800 C 12.44004600
1022 30.84835300 3.69069600 0.00154600 C 7.65684400
1023 21.95687200 3.81515000 0.00153000 C 7.68387200
1024 27.82341500 3.81812800 0.00099000 C 7.38326900
1025 21.89023600 3.73586600 0.00150400 C 8.82464800
1026 26.97964700 3.86229800 0.00160300 C 7.84225600
1027 21.52149100 3.79864400 0.00141700 C 7.57657900
1028 22.55539200 6.51318100 0.00099000 C 9.22907000
1029 22.37105100 3.77669200 0.00144100 C 7.39485800
1030 26.23196100 3.79889300 0.00189300 C 10.15003300
1031 22.74324400 3.76264900 0.00146600 C 7.36177500
1032 29.42222700 4.63902200 0.00188800 C 10.29406900
1033 21.73637400 3.85905200 0.00163300 C 7.37908500
1034 26.88746600 3.72811900 0.00150000 C 9.98389500
1035 22.31821100 4.38579900 0.00138300 C 7.39930500
1036 26.12898800 3.68067000 0.00161300 C 10.34002500
1037 27.02794900 4.04439600 0.00172400 C 7.85104000
1038 27.15516200 3.84254400 0.00147100 C 10.22921700
1039 28.64384800 3.60947500 0.00138700 C 7.49688200
1040 24.06810600 4.63377700 0.00208500 C 10.15197800
1041 28.12504100 3.79441200 0.00160400 C 8.20868600
1042 24.98926300 7.33576400 0.00409100 C 8.62766000
1043 28.90568800 3.72312600 0.00139400 C 7.56829100
1044 24.46466700 6.86131800 0.00219200 C 9.64630500
1045 28.38117400 3.67956000 0.00150800 C 7.48055200
1046 27.52867800 5.76474600 0.00332800 C 7.82503200
1047 28.32189100 3.73416300 0.00103100 C 7.74851500
1048 24.67766000 6.29249400 0.00171300 C 8.44867500
1049 29.05459400 3.77428800 0.00107700 C 7.56646700
1050 24.56218000 3.73695300 0.00104800 C 7.66439100
1051 30.17523200 3.71259600 0.00155900 C 7.30914500
1052 23.34215400 4.33458000 0.00381300 C 9.85993300
1053 28.10170400 3.64257000 0.00149800 C 7.45196400
1054 25.29989300 4.60291500 0.00187600 C 10.80090000
1055 28.35666000 3.80810200 0.00173300 C 7.58870300
1056 23.73874700 4.61810700 0.00356400 C 10.62370000
1057 28.26553700 3.85410400 0.00182200 C 7.59054300
1058 24.51729700 4.58818000 0.00273800 C 10.61207500
1059 27.47086900 3.72361100 0.00120000 C 7.37383800
1060 23.27905500 4.34569300 0.00296900 C 10.37059700
1061 29.14557700 3.99933000 0.00216500 C 7.30288800
1062 22.99556500 4.37802700 0.00175500 C 9.88876300
1063 28.79908000 3.79716200 0.00152200 C 7.50932300
1064 24.72909800 5.26184200 0.00265000 C 8.39621900
1065 27.75396000 3.80888300 0.00236600 C 7.33882600
1066 24.20551200 4.18406900 0.00148200 C 9.58841500
1067 29.48056100 3.76807400 0.00172200 C 7.46182600
1068 23.89890700 4.53436400 0.00330000 C 8.29803300
1069 29.71486600 3.79596500 0.00160900 C 7.48881700
1070 24.84207700 4.26948000 0.00130000 C 7.31428700
1071 27.84777200 3.79901800 0.00166400 C 7.42978000
1072 21.91009000 4.31118200 0.00115800 C 8.97772900
1073 25.88313300 3.72324600 0.00121000 C 7.58514400
1074 26.82489900 3.74519800 0.00166100 C 9.34728600
1075 22.32912800 3.77609400 0.00152300 C 7.43799100
1076 29.60852700 3.87849300 0.00201600 C 10.16637600
1077 22.40153700 4.31890700 0.00190800 C 7.50506700
1078 26.85433000 5.15455400 0.00285400 C 10.73181000
1079 22.36702300 4.35130000 0.00178400 C 7.46996300
1080 26.67212600 4.06511400 0.00194300 C 10.18984400
1081 24.53035600 3.87127200 0.00184100 C 7.23927400
1082 25.32466300 4.13354200 0.00197800 C 9.76753200
1083 22.04034900 3.73939100 0.00128100 C 7.33552300
1084 27.02259500 3.77146600 0.00183300 C 9.60789200
1085 22.23024300 3.86682200 0.00167600 C 7.40676600
1086 28.52076000 3.76382500 0.00177100 C 11.19880900
1087 22.42604800 3.91514300 0.00174500 C 7.44183900
1088 28.12140500 3.92818600 0.00244600 C 10.20836800
1089 23.67808600 3.86213500 0.00127900 C 7.39835600
1090 25.50652000 3.81296000 0.00148300 C 10.16232800
1091 22.37792200 3.91578700 0.00183300 C 7.38153300
1092 27.26836200 4.05067400 0.00172100 C 10.57423900
1093 21.72069200 3.79925200 0.00179400 C 7.44171800
1094 26.38498600 3.80281900 0.00175800 C 10.73355700
1095 22.11161700 3.79774600 0.00182500 C 7.30418700
1096 28.40878300 3.78713500 0.00171800 C 7.80609800
1097 33.83810900 3.82604500 0.00152500 C 7.44613300
1098 25.62656800 3.92622100 0.00167700 C 10.09723100
1099 29.14821600 3.87685100 0.00166900 C 7.39301600
1100 23.19840600 4.35993200 0.00182800 C 9.43876000
1101 30.01429600 3.79415700 0.00116100 C 7.46553400
1102 23.91569200 3.87067000 0.00152700 C 9.71239200
1103 28.39307100 3.91175300 0.00169900 C 7.34513400
1104 26.11841500 4.51490000 0.00229100 C 9.40197300
1105 32.40929900 3.88202700 0.00108200 C 7.40698200
1106 23.49546500 3.94931700 0.00166700 C 7.36413700
1107 27.61079200 3.80561100 0.00170500 C 7.37062200
1108 22.69927800 4.37426900 0.00217300 C 9.93996600
1109 29.53939800 3.86289900 0.00177700 C 7.49589200
1110 23.52562400 4.44367200 0.00207900 C 8.90372400
1111 27.99420400 3.81708900 0.00182900 C 7.56891300
1112 24.42418500 4.15026100 0.00171500 C 10.14440700
1113 23.13848100 3.86351000 0.00149900 C 7.34458000
1114 28.03334300 3.90003100 0.00186100 C 10.09081700
1115 22.63150200 3.89290200 0.00172900 C 7.42284500
1116 26.20011800 3.78482400 0.00112400 C 10.44572400
1117 21.95902800 4.06511500 0.00107400 C 7.36863800
1118 26.85450400 3.73678100 0.00128400 C 8.75889200
1119 22.79089600 3.83352500 0.00182000 C 7.38029200
1120 29.59347700 3.82929800 0.00150900 C 8.20482600
1121 22.20707100 3.82348200 0.00163500 C 7.46655100
1122 27.91266100 3.80586800 0.00143900 C 7.31574300
1123 22.19090800 3.98465900 0.00165000 C 7.41293600
1124 31.00509900 3.78675600 0.00155600 C 7.21479900
1125 22.96649700 3.90883200 0.00292700 C 9.33983700
1126 28.97338100 3.76454500 0.00176500 C 7.62754800
1127 23.15493400 4.40525200 0.00176500 C 9.35642400
1128 30.34538700 3.74952500 0.00213100 C 7.33006900
1129 23.44385400 5.61729500 0.00381800 C 8.71276500
1130 30.53638900 3.66491100 0.00116400 C 7.51237900
1131 23.98954100 4.40274500 0.00281700 C 10.31924600
1132 32.16525100 3.77476600 0.00115200 C 7.45247600
1133 28.27937500 4.99208400 0.00152600 C 7.40234800
1134 27.79682400 3.85176400 0.00185200 C 7.71294000
1135 22.34660000 3.81224700 0.00204500 C 7.47080200
1136 29.04090400 3.84593700 0.00185400 C 7.33913200
1137 23.34113700 3.85262300 0.00185700 C 7.31886000
1138 27.90825900 3.75272000 0.00191600 C 7.65669200
1139 22.71932700 4.01665400 0.00118500 C 9.76336900
1140 22.24070500 3.87246700 0.00103800 C 7.39137900
1141 28.86208900 3.76477800 0.00117200 C 10.30626900
1142 22.81240600 3.88500300 0.00168200 C 7.56117600
1143 27.31439200 3.81258100 0.00218000 C 9.39832300
1144 22.07662900 3.98636600 0.00177000 C 7.44655700
1145 27.40450200 3.76170200 0.00186400 C 7.79946500
1146 23.19859900 3.85197800 0.00160900 C 7.36799200
1147 26.87855900 3.74977500 0.00162800 C 7.37865400
1148 22.13372900 4.01173300 0.00278600 C 9.46590000
1149 28.13580700 3.78586200 0.00132000 C 7.57069300
1150 21.99112000 3.78949000 0.00186400 C 8.85584900
1151 27.90763000 3.81605600 0.00114100 C 7.36752200
1152 21.73717900 3.90779300 0.00178100 C 7.98797800
1153 25.34800100 4.90894300 0.00199200 C 7.36235700
1154 23.55820900 3.89917100 0.00128300 C 7.56495200
1155 22.61320700 6.75097900 0.00261300 C 9.03261800
1156 22.44472200 4.01046700 0.00168000 C 7.38283300
1157 24.07248100 4.61852700 0.00349800 C 9.12355400
1158 23.41979800 3.97054500 0.00170200 C 7.73537000
1159 24.58405500 4.13310800 0.00245200 C 9.61179300
1160 22.79392700 4.09757100 0.00180400 C 7.38819500
1161 28.39368700 5.99707600 0.00190500 C 9.20701700
1162 24.08013500 4.05940200 0.00220600 C 7.51578100
1163 24.69838600 5.43102700 0.00175300 C 10.13850100
1164 22.76291900 4.20682000 0.00210700 C 7.37057500
1165 25.87220000 5.05459100 0.00392200 C 11.20484400
1166 23.27059400 4.08186400 0.00127200 C 7.44419500
1167 25.49308800 4.54005000 0.00140500 C 11.02444400
1168 22.54758100 4.20713600 0.00255800 C 7.40446400
1169 27.87802200 4.81339000 0.00230100 C 9.80260500
1170 24.91998100 4.26497000 0.00179600 C 7.33707900
1171 25.13241900 4.86409700 0.00199400 C 9.66102000
1172 32.17148200 4.23788600 0.00184800 C 7.38968700
1173 37.24135600 4.21406700 0.00221800 C 7.37924700
1174 27.84731500 4.89330400 0.00268400 C 9.51573800
1175 29.70935700 4.29827800 0.00162300 C 7.35857100
1176 23.46209600 4.57948900 0.00190500 C 9.65886600
1177 28.59500700 4.21473100 0.00192400 C 7.34139400
1178 27.42703500 5.74142600 0.00282200 C 9.37243200
1179 29.88040400 4.20771100 0.00246700 B 6.55968200
1180 24.41115400 7.75441500 0.00260300 B 0.18124500
1181 30.60573900 4.14768300 0.00168900 B 0.16246900
1182 30.32052500 4.96502600 0.00268400 B 0.22707200
1183 28.38590400 5.78165600 0.00304100 B 0.21476800
1184 31.45175100 4.27267000 0.00284100 B 0.13708000
1185 24.17953800 5.32446700 0.00274000 C 8.89660000
1186 24.06042500 4.26619900 0.00185700 C 7.31940700
1187 25.73384700 4.93784700 0.00212400 C 9.26293400
1188 23.69483000 4.30153500 0.00156100 C 7.37538900
1189 26.00828700 6.38022800 0.00201000 C 8.78425200
1190 23.43341900 4.17616900 0.00193900 C 7.39880100
1191 28.18341700 4.73637400 0.00141200 C 8.62582400
1192 23.15778200 4.23544700 0.00163900 C 7.40679900
1193 29.40310800 4.30183800 0.00171200 C 9.33256200
1194 24.80099000 3.98342400 0.00193300 C 7.47887300
1195 25.32746200 4.08771800 0.00160300 C 11.38279200
1196 24.12515300 4.05499800 0.00151600 C 7.33890100
1197 27.76832800 4.57467800 0.00268000 C 9.34353900
1198 23.72373900 4.19613700 0.00165700 C 7.40303700
1199 27.90532200 4.72126100 0.00482300 B 20.75325200
1200 30.00391100 4.15434000 0.00244300 C 9.51692700
1201 31.80245300 4.07400800 0.00153100 C 7.38803200
1202 28.65231100 5.91223500 0.00174500 C 8.38728800
1203 30.22356400 4.14541000 0.00147000 C 7.49861600
1204 27.51571800 6.39928100 0.00150400 C 7.29555000
1205 29.64211500 4.09792800 0.00192200 C 9.35057500
1206 34.83730400 4.06733100 0.00165600 C 7.48799500
1207 25.43836200 4.17801500 0.00179300 C 7.47836900
1208 29.33276400 4.12225400 0.00186600 C 7.35597000
1209 23.65388600 4.49252300 0.00110600 C 9.50443600
1210 31.03909500 4.05525600 0.00160500 C 7.47217100
1211 25.11171900 3.99588800 0.00165000 C 7.44675700
1212 28.92646600 3.96525000 0.00151500 C 7.37088000
1213 24.79076100 4.13199100 0.00187400 C 9.84403900
1214 29.18988400 3.94574000 0.00154600 C 7.38024200
1215 25.08021400 4.64523100 0.00182300 C 8.63353100
1216 30.22341800 4.01207500 0.00129000 C 7.35499600
1217 24.33321500 6.97218200 0.00243100 C 9.31605700
1218 30.68362600 4.07061900 0.00117600 C 7.65914400
1219 27.54870500 5.60413800 0.00153300 C 7.37260100
1220 29.33026700 3.93535600 0.00165500 C 7.53841200
1221 23.54635000 4.05114900 0.00285400 B 13.79586000
1222 28.86265800 3.95934800 0.00114700 C 9.93372600
1223 25.50255400 3.94674200 0.00259700 B 13.19233800
1224 29.06316600 6.18441000 0.00335800 B 17.39315700
1225 27.96774700 4.12364500 0.00311700 B 22.81802200
1226 32.25763300 4.31659700 0.00439300 B 22.49952400
1227 27.74194800 3.93526300 0.00279300 B 19.24911000
1228 28.13539400 4.03714000 0.00316500 B 37.77980100
1229 29.21792800 4.12031300 0.00207000 B 27.58848000
1230 33.06548400 4.53056400 0.00295000 B 34.00354700
1231 31.55672900 4.09364500 0.00281700 B 37.15920900
1232 28.64970200 5.58761200 0.00260600 C 16.36302900
1233 28.84136900 6.68555400 0.00228400 B 34.02658100
1234 30.75590900 4.29094600 0.00222900 B 32.77229200
1235 35.90511700 4.22994500 0.00287500 B 40.18677800
1236 30.82378800 3.89274200 0.00213100 B 27.41249200
1237 30.52849000 4.04959500 0.00245700 B 32.11341600
1238 29.01274000 4.05163000 0.00155800 C 19.58221400
1239 23.44616700 4.11932300 0.00266200 B 31.18665400
1240 30.00446600 3.90511000 0.00222300 B 30.89655400
1241 31.98733800 3.94646200 0.00240300 B 34.84806800
1242 27.11264100 4.13832700 0.00250000 B 37.00782900
1243 28.91736100 4.07390200 0.00224800 B 29.18293300
1244 29.83451100 3.99740800 0.00238500 B 33.48977900
1245 30.10774000 3.85672600 0.00256800 B 35.50456300
1246 25.12180900 5.34502900 0.00654800 B 34.54369300
1247 24.21360700 3.90714200 0.00312400 B 28.44489200
1248 30.28161600 4.12361900 0.00292200 B 28.56866100
1249 