1 0
2 0
3 0
4 0
5 0
6 0
7 0
8 0
9 0
10 0
11 0
12 0
13 0
14 0
15 0
16 0
17 0
18 0
19 0
20 0
21 0
22 0
23 0
24 0
25 0
26 0
27 0
28 0
29 0
30 0
31 0
32 0
33 0
34 0
35 0
36 0
37 0
38 1
39 0
40 0
41 1
42 1
43 1
44 1
45 1
46 1
47 1
48 1
49 1
50 1
51 1
52 1
53 1
54 1
55 1
56 1
57 1
58 1
59 1
60 1
61 1
62 1
63 1
64 1
65 1
66 1
67 1
68 1
69 1
70 1
71 1
72 1
73 1
74 1
75 1
76 1
77 1
78 1
79 1
80 1
81 1
82 1
83 1
84 1
85 1
86 1
87 1
88 1
89 1
90 1
91 1
92 1
93 1
94 1
95 1
96 1
97 1
98 1
99 1
100 1
101 1
102 1
103 1
104 1
105 1
106 2
107 1
108 2
109 2
110 1
111 2
112 2
113 2
114 2
115 2
116 2
117 2
118 2
119 2
120 2
121 2
122 2
123 2
124 2
125 2
126 2
127 2
128 2
129 2
130 2
131 2
132 2
133 2
134 2
135 2
136 2
137 2
138 2
139 2
140 2
141 2
142 2
143 2
144 2
145 2
146 2
147 2
148 2
149 2
150 2
151 2
152 2
153 2
154 2
155 2
156 2
157 2
158 2
159 2
160 2
161 2
162 2
163 2
164 3
165 3
166 3
167 3
168 2
169 3
170 3
171 3
172 2
173 2
174 2
175 2
176 2
177 2
178 2
179 2
180 2
181 2
182 2
183 2
184 2
185 2
186 2
187 3
188 2
189 2
190 2
191 2
192 2
193 2
194 2
195 2
196 2
197 2
198 2
199 2
200 2
201 2
202 2
203 2
204 2
205 2
206 2
207 2
208 3
209 3
210 2
211 2
212 2
213 2
214 2
215 2
216 2
217 2
218 2
219 2
220 2
221 1
222 2
223 1
224 2
225 2
226 2
227 2
228 2
229 2
230 2
231 2
232 3
233 2
234 2
235 2
236 2
237 3
238 3
239 3
240 3
241 2
242 3
243 1
244 1
245 1
246 1
247 3
248 2
249 1
250 1
251 2
252 2
253 3
254 2
255 3
256 2
257 2
258 2
259 1
260 2
261 1
262 1
263 2
264 2
265 2
266 3
267 3
268 3
269 3
270 3
271 3
272 3
273 3
274 3
275 3
276 3
277 2
278 3
279 3
280 3
281 2
282 2
283 2
284 3
285 3
286 3
287 3
288 3
289 3
290 2
291 3
292 3
293 2
294 3
295 3
296 3
297 3
298 2
299 2
300 2
301 3
302 2
303 3
304 2
305 2
306 2
307 3
308 2
309 3
310 3
311 2
312 2
313 3
314 3
315 2
316 3
317 2
318 3
319 2
320 4
321 4
322 3
323 2
324 2
325 3
326 3
327 3
328 4
329 4
330 3
331 4
332 3
333 3
334 4
335 3
336 3
337 4
338 3
339 3
340 3
341 3
342 3
343 4
344 3
345 2
346 4
347 3
348 2
349 3
350 3
351 3
352 3
353 2
354 2
355 2
356 4
357 2
358 2
359 2
360 2
361 3
362 2
363 2
364 2
365 2
366 2
367 2
368 2
369 2
370 2
371 2
372 2
373 2
374 2
375 2
376 2
377 2
378 2
379 2
380 2
381 2
382 2
383 2
384 2
385 2
386 2
387 2
388 2
389 2
390 2
391 2
392 2
393 2
394 2
395 2
396 2
397 2
398 2
399 2
400 2
401 2
402 2
403 2
404 2
405 1
406 2
407 1
408 1
409 2
410 2
411 2
412 1
413 2
414 3
415 3
416 3
417 3
418 3
419 3
420 3
421 3
422 3
423 3
424 3
425 3
426 3
427 3
428 3
429 3
430 3
431 3
432 3
433 2
434 3
435 3
436 3
437 3
438 3
439 3
440 3
441 3
442 3
443 3
444 3
445 3
446 3
447 3
448 3
449 2
450 3
451 3
452 3
453 3
454 3
455 3
456 3
457 3
458 3
459 3
460 3
461 3
462 3
463 2
464 2
465 3
466 2
467 3
468 3
469 2
470 2
471 3
472 3
473 3
474 2
475 2
476 3
477 2
478 3
479 2
480 3
481 2
482 2
483 2
484 2
485 2
486 2
487 2
488 2
489 2
490 1
491 2
492 2
493 1
494 2
495 1
496 1
497 1
498 1
499 1
500 1
501 1
502 1
503 1
504 1
505 1
506 1
507 1
508 1
509 1
510 1
511 1
512 1
513 1
514 1
515 1
516 1
517 2
518 1
519 1
520 1
521 1
522 1
523 1
524 1
525 2
526 2
527 1
528 1
529 2
530 2
531 2
532 2
533 1
534 1
535 1
536 1
537 1
538 1
539 1
540 1
541 1
542 2
543 2
544 2
545 2
546 2
547 3
548 3
549 3
550 3
551 3
552 3
553 3
554 3
555 4
556 3
557 3
558 3
559 4
560 4
561 3
562 3
563 3
564 3
565 3
566 4
567 3
568 3
569 3
570 3
571 3
572 3
573 3
574 3
575 3
576 3
577 3
578 4
579 3
580 3
581 3
582 3
583 3
584 4
585 4
586 3
587 3
588 3
589 3
590 3
591 3
592 3
593 3
594 3
595 3
596 3
597 3
598 3
599 4
600 4
601 3
602 4
603 3
604 4
605 4
606 4
607 4
608 4
609 4
610 4
611 4
612 4
613 4
614 4
615 4
616 4
617 4
618 3
619 4
620 4
621 3
622 3
623 3
624 3
625 3
626 3
627 3
628 3
629 3
630 3
631 3
632 3
633 3
634 3
635 3
636 3
637 3
638 3
639 3
640 3
641 3
642 3
643 3
644 3
645 3
646 3
647 3
648 3
649 3
650 3
651 3
652 3
653 3
654 3
655 3
656 3
657 3
658 3
659 3
660 3
661 3
662 3
663 3
664 3
665 3
666 3
667 3
668 3
669 3
670 3
671 3
672 3
673 3
674 3
675 3
676 3
677 3
678 3
679 4
680 4
681 4
682 4
683 4
684 4
685 4
686 4
687 4
688 5
689 5
690 5
691 4
692 5
693 4
694 5
695 5
696 6
697 6
698 6
699 3
700 5
701 3
702 3
703 2
704 3
705 3
706 3
707 3
708 2
709 1
710 2
711 2
712 2
713 3
714 2
715 2
716 2
717 2
718 2
719 2
720 2
721 2
722 2
723 2
724 2
725 2
726 1
727 2
728 2
729 2
730 2
731 2
732 2
733 2
734 2
735 2
736 2
737 1
738 2
739 1
740 2
741 1
742 2
743 2
744 1
745 2
746 2
747 2
748 2
749 2
750 2
751 1
752 2
753 1
754 2
755 1
756 1
757 1
758 1
759 1
760 2
761 1
762 1
763 1
764 1
765 2
766 1
767 1
768 1
769 1
770 1
771 1
772 1
773 1
774 2
775 1
776 1
777 1
778 2
779 1
780 2
781 1
782 1
783 1
784 1
785 1
786 1
787 1
788 1
789 2
790 1
791 1
792 1
793 1
794 1
795 1
796 1
797 1
798 1
799 1
800 1
801 1
802 1
803 1
804 1
805 1
806 1
807 1
808 1
809 1
810 1
811 1
812 1
813 1
814 1
815 1
816 1
817 1
818 1
819 1
820 1
821 1
822 1
823 1
824 1
825 1
826 1
827 1
828 1
829 1
830 1
831 1
832 1
833 1
834 1
835 1
836 1
837 1
838 1
839 1
840 1
841 1
842 1
843 1
844 0
845 0
846 1
847 1
848 1
849 1
850 1
851 1
852 1
853 1
854 1
855 1
856 1
857 1
858 1
859 1
860 1
861 1
862 0
863 1
864 0
865 1
866 1
867 1
868 1
869 1
870 1
871 0
872 1
873 1
874 0
875 1
876 0
877 1
878 0
879 1
880 0
881 0
882 0
883 0
884 0
885 0
886 0
887 0
888 0
889 0
890 0
891 0
892 0
893 0
894 0
895 0
896 0
897 1
898 0
899 0
900 0
901 0
902 0
903 0
904 0
905 0
906 0
907 0
908 0
909 0
910 0
911 0
912 0
913 0
914 0
915 0
916 0
917 0
918 0
919 0
920 0
921 0
922 0
923 0
924 0
925 0
926 0
927 0
928 0
929 0
930 0
931 0
932 0
933 0
934 0
935 0
936 0
937 0
938 0
939 0
940 0
941 0
942 0
943 0
944 0
945 0
946 0
947 0
948 0
949 0
950 0
951 0
952 0
953 0
954 0
955 0
956 0
957 0
958 0
959 0
960 0
961 0
962 0
963 0
964 0
965 0
966 0
967 0
968 0
969 0
970 0
971 0
972 0
973 0
974 0
975 0
976 0
977 0
978 0
979 0
980 0
981 0
982 0
983 0
984 0
985 0
986 0
987 0
988 0
989 0
990 0
991 0
992 0
993 0
994 0
995 0
996 0
997 0
998 0
999 0
1000 0
1001 0
1002 0
1003 0
1004 0
1005 0
1006 0
1007 0
1008 0
1009 0
1010 0
1011 0
1012 0
1013 0
1014 0
1015 0
1016 0
1017 0
1018 0
1019 0
1020 0
1021 0
1022 0
1023 0
1024 0
1025 0
1026 0
1027 0
1028 0
1029 0
1030 0
1031 0
1032 0
1033 0
1034 0
1035 0
1036 0
1037 0
1038 0
1039 0
1040 0
1041 0
1042 0
1043 0
1044 0
1045 0
1046 0
1047 0
1048 0
1049 0
1050 0
1051 0
1052 0
1053 0
1054 0
1055 0
1056 0
1057 0
1058 0
1059 0
1060 0
1061 0
1062 0
1063 0
1064 0
1065 0
1066 0
1067 0
1068 0
1069 0
1070 0
1071 0
1072 0
1073 0
1074 0
1075 0
1076 0
1077 0
1078 0
1079 0
1080 0
1081 0
1082 0
1083 0
1084 0
1085 0
1086 0
1087 0
1088 0
1089 0
1090 0
1091 0
1092 0
1093 0
1094 0
1095 0
1096 0
1097 0
1098 0
1099 0
1100 0
1101 0
1102 0
1103 0
1104 0
1105 0
1106 0
1107 0
1108 0
1109 0
1110 0
1111 0
1112 0
1113 0
1114 0
1115 0
1116 0
1117 0
1118 0
1119 0
1120 0
1121 0
1122 0
1123 0
1124 0
1125 0
1126 0
1127 0
1128 0
1129 0
1130 0
1131 0
1132 0
1133 0
1134 0
1135 0
1136 0
1137 0
1138 0
1139 0
1140 0
1141 0
1142 0
1143 0
1144 0
1145 0
1146 0
1147 0
1148 0
1149 0
1150 0
1151 0
1152 0
1153 0
1154 0
1155 0
1156 0
1157 0
1158 0
1159 0
1160 0
1161 0
1162 0
1163 0
1164 0
1165 0
1166 0
1167 0
1168 0
1169 0
1170 0
1171 0
1172 0
1173 0
1174 0
1175 0
1176 0
1177 0
1178 0
1179 1
1180 1
1181 1
1182 1
1183 1
1184 1
1185 0
1186 0
1187 0
1188 0
1189 0
1190 0
1191 0
1192 0
1193 0
1194 0
1195 0
1196 0
1197 0
1198 0
1199 1
1200 0
1201 0
1202 0
1203 0
1204 0
1205 0
1206 0
1207 0
1208 0
1209 0
1210 0
1211 0
1212 0
1213 0
1214 0
1215 0
1216 0
1217 0
1218 0
1219 0
1220 0
1221 1
1222 0
1223 1
1224 1
1225 1
1226 1
1227 1
1228 1
1229 1
1230 1
1231 1
1232 0
1233 1
1234 1
1235 1
1236 1
1237 1
1238 0
1239 1
1240 1
1241 1
1242 1
1243 1
1244 1
1245 1
1246 2
1247 2
1248 2
