0 
1 32764
2 0
3 0
4 
5 0
6 0
7 
8 
9 
10 0
11 0
12 0
13 0
14 0
15 0
16 0
17 0
18 0
19 0
20 0
21 0
22 0
23 0
24 0
25 
26 
27 0
28 0
29 0
30 
31 
32 
33 0
34 
35 
36 
37 1
38 
39 
40 1
41 
42 
43 
44 1
45 0
46 
47 1
48 1
49 0
50 1
51 
52 1
53 
54 1
55 1
56 1
57 
58 1
59 1
60 1
61 0
62 1
63 1
64 
65 
66 1
67 
68 
69 
70 1
71 
72 
73 
74 1
75 1
76 
77 
78 1
79 
80 1
81 1
82 1
83 1
84 
85 1
86 
87 1
88 
89 1
90 1
91 1
92 
93 
94 
95 1
96 
97 
98 
99 
100 1
101 1
102 1
103 1
104 1
105 1
106 1
107 1
108 1
109 1
110 1
111 2
112 2
113 2
114 2
115 2
116 2
117 2
118 2
119 2
120 2
121 2
122 2
123 2
124 2
125 2
126 2
127 2
128 2
129 2
130 2
131 2
132 2
133 2
134 2
135 2
136 2
137 2
138 2
139 2
140 2
141 2
142 2
143 2
144 2
145 2
146 2
147 2
148 2
149 2
150 2
151 2
152 2
153 2
154 2
155 2
156 2
157 2
158 2
159 2
160 2
161 2
162 2
163 3
164 3
165 3
166 
167 3
168 3
169 3
170 3
171 3
172 3
173 3
174 3
175 3
176 3
177 3
178 3
179 3
180 3
181 3
182 3
183 3
184 3
185 3
186 3
187 3
188 3
189 3
190 3
191 3
192 3
193 3
194 3
195 3
196 3
197 3
198 3
199 3
200 3
201 3
202 3
203 3
204 3
205 3
206 3
207 3
208 3
209 3
210 3
211 3
212 3
213 3
214 
215 3
216 3
217 3
218 3
219 3
220 3
221 3
222 3
223 3
224 3
225 3
226 3
227 3
228 3
229 3
230 3
231 3
232 3
233 3
234 3
235 3
236 3
237 3
238 3
239 2
240 2
241 2
242 2
243 2
244 2
245 2
246 2
247 
248 2
249 
250 2
251 
252 
253 2
254 2
255 2
256 
257 2
258 
259 2
260 2
261 
262 
263 2
264 2
265 
266 2
267 
268 2
269 
270 2
271 3
272 
273 
274 3
275 
276 
277 
278 3
279 3
280 3
281 3
282 
283 3
284 3
285 3
286 3
287 
288 3
289 3
290 3
291 3
292 
293 
294 
295 
296 
297 3
298 
299 
300 3
301 
302 
303 3
304 3
305 
306 
307 3
308 
309 
310 3
311 3
312 3
313 3
314 
315 
316 
317 3
318 
319 
320 3
321 3
322 
323 3
324 4
325 4
326 4
327 
328 4
329 
330 4
331 4
332 4
333 
334 4
335 
336 
337 4
338 4
339 
340 4
341 4
342 
343 4
344 4
345 
346 4
347 4
348 
349 
350 
351 4
352 
353 
354 4
355 4
356 4
357 4
358 
359 
360 4
361 
362 4
363 
364 
365 4
366 
367 4
368 
369 
370 4
371 4
372 
373 
374 4
375 
376 
377 
378 
379 4
380 4
381 
382 
383 
384 
385 4
386 
387 
388 4
389 4
390 4
391 
392 
393 
394 
395 4
396 4
397 
398 4
399 4
400 4
401 
402 
403 
404 0
405 4
406 
407 
408 4
409 4
410 4
411 4
412 4
413 3
414 
415 4
416 5
417 
418 5
419 
420 
421 5
422 
423 
424 
425 
426 
427 
428 
429 
430 5
431 4
432 
433 
434 
435 
436 5
437 4
438 
439 4
440 5
441 
442 
443 5
444 4
445 5
446 4
447 5
448 
449 
450 
451 
452 4
453 
454 4
455 4
456 4
457 4
458 4
459 4
460 
461 
462 
463 
464 
465 4
466 
467 
468 4
469 4
470 4
471 
472 
473 
474 4
475 
476 4
477 4
478 
479 4
480 
481 4
482 4
483 4
484 4
485 4
486 
487 4
488 4
489 
490 4
491 
492 
493 
494 
495 3
496 4
497 
498 3
499 4
500 
501 3
502 
503 3
504 3
505 
506 3
507 3
508 
509 
510 
511 
512 3
513 
514 3
515 3
516 
517 
518 
519 3
520 3
521 
522 3
523 3
524 
525 
526 
527 
528 
529 
530 
531 
532 3
533 3
534 3
535 3
536 3
537 0
538 3
539 3
540 
541 
542 5
543 
544 
545 
546 4
547 
548 
549 
550 
551 
552 
553 
554 
555 5
556 
557 
558 
559 
560 
561 5
562 5
563 5
564 5
565 5
566 5
567 5
568 
569 5
570 5
571 
572 5
573 5
574 5
575 
576 
577 5
578 
579 5
580 
581 
582 
583 5
584 
585 5
586 5
587 4
588 
589 5
590 5
591 5
592 
593 5
594 
595 
596 
597 
598 5
599 4
600 
601 
602 4
603 
604 4
605 4
606 4
607 4
608 4
609 4
610 4
611 4
612 4
613 4
614 
615 
616 4
617 4
618 4
619 
620 
621 
622 4
623 4
624 4
625 4
626 4
627 4
628 4
629 
630 
631 4
632 3
633 
634 
635 4
636 
637 4
638 4
639 3
640 
641 4
642 4
643 
644 3
645 
646 
647 
648 
649 4
650 
651 
652 3
653 3
654 
655 
656 
657 
658 3
659 
660 
661 
662 
663 
664 3
665 3
666 
667 
668 
669 
670 3
671 3
672 
673 
674 
675 3
676 3
677 
678 
679 
680 4
681 4
682 4
683 4
684 4
685 
686 4
687 
688 4
689 
690 0
691 
692 
693 
694 
695 4
696 
697 3
698 3
699 3
700 
701 3
702 3
703 3
704 
705 
706 3
707 2
708 2
709 
710 2
711 
712 
713 
714 
715 
716 2
717 
718 2
719 2
720 
721 2
722 2
723 
724 2
725 2
726 2
727 2
728 
729 
730 2
731 
732 2
733 2
734 2
735 
736 2
737 
738 2
739 2
740 
741 2
742 
743 2
744 
745 
746 0
747 
748 
749 2
750 
751 
752 2
753 
754 2
755 2
756 2
757 2
758 2
759 2
760 2
761 2
762 
763 2
764 
765 
766 2
767 2
768 
769 2
770 2
771 0
772 
773 
774 
775 2
776 
777 2
778 2
779 
780 
781 2
782 2
783 
784 2
785 
786 2
787 2
788 0
789 
790 
791 
792 
793 2
794 2
795 
796 
797 2
798 2
799 2
800 
801 2
802 2
803 
804 
805 2
806 2
807 2
808 
809 1
810 
811 
812 
813 2
814 2
815 
816 2
817 
818 2
819 2
820 2
821 2
822 1
823 
824 
825 
826 2
827 
828 2
829 2
830 
831 2
832 2
833 
834 
835 
836 
837 1
838 2
839 
840 
841 2
842 2
843 2
844 1
845 2
846 1
847 1
848 
849 
850 
851 2
852 
853 1
854 
855 
856 1
857 
858 1
859 
860 2
861 1
862 
863 
864 2
865 
866 1
867 0
868 2
869 
870 
871 1
872 1
873 
874 
875 2
876 2
877 
878 1
879 
880 2
881 1
882 1
883 
884 1
885 1
886 2
887 1
888 
889 
890 
891 1
892 1
893 
894 
895 2
896 2
897 1
898 
899 1
900 
901 
902 1
903 
904 2
905 
906 1
907 
908 1
909 1
910 2
911 
912 
913 0
914 2
915 
916 1
917 1
918 1
919 1
920 1
921 
922 2
923 2
924 
925 
926 1
927 
928 
929 1
930 1
931 
932 
933 1
934 2
935 2
936 
937 
938 1
939 
940 1
941 2
942 
943 
944 
945 
946 2
947 0
948 
949 1
950 
951 
952 
953 
954 
955 1
956 
957 1
958 1
959 1
960 1
961 
962 1
963 1
964 
965 1
966 1
967 
968 1
969 1
970 1
971 
972 1
973 1
974 
975 1
976 1
977 
978 
979 1
980 
981 1
982 1
983 1
984 1
985 
986 
987 1
988 
989 
990 
991 
992 1
993 1
994 1
995 2
996 
997 1
998 
999 1
1000 1
1001 1
1002 1
1003 1
1004 2
1005 1
1006 2
1007 1
1008 1
1009 1
1010 2
1011 1
1012 1
1013 1
1014 1
1015 1
1016 2
1017 1
1018 1
1019 1
1020 1
1021 2
1022 1
1023 2
1024 1
1025 1
1026 1
1027 2
1028 2
1029 1
1030 1
1031 1
1032 2
1033 1
1034 1
1035 1
1036 1
1037 1
1038 1
1039 1
1040 1
1041 2
1042 1
1043 1
1044 1
1045 1
1046 1
1047 1
1048 1
1049 1
1050 1
1051 1
1052 1
1053 1
1054 1
1055 1
1056 1
1057 1
1058 1
1059 1
1060 1
1061 1
1062 1
1063 1
1064 1
1065 1
1066 1
1067 1
1068 1
1069 1
1070 2
1071 1
1072 1
1073 1
1074 1
1075 2
1076 1
1077 1
1078 1
1079 1
1080 1
1081 1
1082 1
1083 1
1084 1
1085 1
1086 1
1087 2
1088 1
1089 1
1090 1
1091 1
1092 1
1093 1
1094 1
1095 1
1096 2
1097 1
1098 1
1099 1
1100 1
1101 1
1102 1
1103 1
1104 2
1105 1
1106 1
1107 1
1108 1
1109 1
1110 1
1111 1
1112 1
1113 1
1114 1
1115 1
1116 1
1117 1
1118 1
1119 1
1120 1
1121 2
1122 1
1123 1
1124 1
1125 1
1126 1
1127 1
1128 1
1129 1
1130 1
1131 1
1132 1
1133 1
1134 1
1135 1
1136 1
1137 1
1138 1
1139 1
1140 1
1141 1
1142 1
1143 1
1144 1
1145 1
1146 1
1147 1
1148 1
1149 1
1150 1
1151 1
1152 1
1153 1
1154 1
1155 1
1156 1
1157 1
1158 1
1159 1
1160 1
1161 1
1162 1
1163 1
1164 1
1165 1
1166 1
1167 1
1168 1
1169 1
1170 1
1171 2
1172 1
1173 1
1174 2
1175 1
1176 1
1177 1
1178 1
1179 2
1180 3
1181 2
1182 2
1183 3
1184 2
1185 2
1186 2
1187 2
1188 2
1189 2
1190 2
1191 2
1192 3
1193 2
1194 2
1195 2
1196 2
1197 2
1198 2
1199 2
1200 2
1201 2
1202 2
1203 3
1204 2
1205 2
1206 2
1207 2
1208 2
1209 2
1210 2
1211 2
1212 3
1213 2
1214 2
1215 2
1216 2
1217 2
1218 2
1219 2
1220 2
1221 2
1222 2
1223 2
1224 2
1225 2
1226 2
1227 2
1228 2
1229 2
1230 2
1231 2
1232 2
1233 3
1234 4
1235 3
1236 3
1237 3
1238 3
1239 3
1240 3
1241 3
1242 3
1243 3
1244 3
