1 0
2 0
3 0
4 0
5 0
6 0
7 0
8 0
9 0
10 0
11 0
12 0
13 0
14 0
15 0
16 0
17 0
18 0
19 0
20 0
21 0
22 0
23 0
24 0
25 0
26 0
27 0
28 0
29 0
30 0
31 0
32 0
33 0
34 0
35 0
36 0
37 0
38 0
39 0
40 0
41 0
42 0
43 0
44 0
45 0
46 0
47 0
48 0
49 0
50 0
51 0
52 0
53 0
54 0
55 0
56 0
57 0
58 0
59 0
60 0
61 0
62 0
63 0
64 0
65 0
66 0
67 0
68 0
69 0
-1 -0
71 0
72 0
73 0
70 2.23607
74 1
76 0
77 0
75 0
79 0
78 2.82843
80 0
81 0
82 1
84 0
83 2.82843
86 0
85 2
88 0
87 2.23607
89 1
90 2
92 0
93 0
94 0
91 2.23607
96 0
97 0
98 0
99 0
95 0
100 3
101 2.23607
102 2.23607
103 1
104 1
105 0
106 1.41421
107 2.23607
108 2
109 1
110 0
111 1.11803
112 0.707107
113 0.707107
114 0
115 0.5
116 0.707107
117 0.5
118 0.5
119 0.707107
120 16.6958
121 15.8272
122 14.824
123 14.8408
124 14.7564
125 12.6984
126 13.1624
127 12.6787
128 10.5948
129 11.5217
130 11.158
131 10.0374
132 10.1735
133 10.6536
134 9.08295
135 9.04157
136 8.52936
137 8.52936
138 9.04157
139 7.03562
140 10.5238
141 8.52936
142 7.08872
143 8.58778
144 7.64853
145 8.55862
146 8.07775
147 7.53326
148 7.10634
149 8.51469
150 7.03562
151 6.5192
152 6.59545
153 8.03119
154 5.26783
155 6.20484
156 6.12372
157 7.07107
158 5.12348
159 4.66369
160 5.09902
161 5.09902
162 3.10913
163 3.09121
164 3.4801
166 0
165 3.4801
167 3.09121
168 3.28295
169 3.09121
170 3.4641
171 3.10913
172 3.16228
173 3.10913
174 3.05505
175 11.0805
176 10.6458
177 10.0775
178 9.4104
179 9.18937
180 8.81287
181 8.28654
182 8.7369
183 8.31999
184 8.06226
185 7.5351
186 7.22649
187 7.31057
188 6.9282
189 7.33333
190 6.54896
191 6.44636
192 6.2361
193 6.03692
194 5.63718
195 5.8784
196 5.49747
197 5.20683
198 4.79583
199 5.66667
200 5.24934
201 4.4597
202 4.53382
203 4.53382
204 4.84195
205 4.26875
206 4.09607
207 4.01386
208 4.84195
209 4.18994
210 4.60676
211 3.71184
212 4.2947
214 0
213 2.62467
215 3.14466
216 3.4801
217 3.16228
218 3.87298
219 2.88675
220 2.86744
221 2.82843
222 3.09121
223 2.88675
224 3.29983
225 2.86744
226 2.94392
227 2.86744
228 2.92499
229 2.78887
230 2
231 1.05409
232 2.848
233 0.471405
234 3.34996
235 1.79505
236 3.34996
237 1.94365
239 0
240 0
241 0
238 25.5
242 25.8505
243 4.03113
244 4.03113
245 4.71699
247 0
246 4.60977
249 0
248 4.60977
251 0
252 0
250 25.9326
253 25.8602
254 36.4074
256 0
255 25.8602
258 0
257 25.8602
259 25.9856
261 0
262 0
260 25.9133
263 5.19615
265 0
264 5.07445
267 0
266 5.67891
269 0
268 5.95819
270 17.359
272 0
273 0
271 17.3333
275 0
276 0
277 0
274 17.3845
278 19.0759
279 18.7646
280 18.7735
282 0
281 19.5902
283 18.23
284 18.424
285 18.7853
287 0
286 18.3787
288 18.1567
289 18.5921
290 18.0647
292 0
293 0
294 0
295 0
296 0
291 17.6981
298 0
299 0
297 17.5752
301 0
302 0
300 17.1982
303 17.4515
305 0
306 0
304 16.408
308 0
309 0
307 15.3079
310 15.0739
311 14.3488
312 14.1735
314 0
315 0
316 0
313 13.9603
318 0
319 0
317 12.7497
320 12.3648
322 0
321 11.7047
323 8.83883
324 9.2635
325 8.88468
327 0
326 8.82468
329 0
328 8.53302
330 8.50368
331 8.08548
333 0
332 8.23863
335 0
336 0
334 8.36286
337 7.80224
339 0
338 7.76611
340 7.66893
342 0
341 7.44144
343 7.0799
345 0
344 7.42462
346 6.86021
348 0
349 0
350 0
347 7.02229
352 0
353 0
351 6.74073
354 6.67552
355 6.82825
356 6.46142
358 0
359 0
357 6.52878
361 0
360 6.85565
363 0
364 0
362 6.42748
366 0
365 6.46626
368 0
369 0
367 7.1894
370 5.90551
372 0
373 0
371 5.98957
375 0
376 0
377 0
378 0
374 6.21993
379 5.97913
381 0
382 0
383 0
384 0
380 6.22495
386 0
387 0
385 5.69539
388 5.6734
389 5.54527
391 0
392 0
393 0
394 0
390 6.09816
395 5.31507
397 0
396 4.65027
398 5.56776
401 0
402 0
403 0
399 5.00625
404 5.33854
406 0
407 0
405 4.88621
408 4.87981
409 4.94343
410 4.8283
411 4.74342
412 6.13732
414 0
413 4.80234
415 3.63868
417 0
416 3.55528
419 0
420 0
418 4.3909
422 0
423 0
424 0
425 0
426 0
427 0
428 0
429 0
421 3.87814
430 8.46685
432 0
433 0
434 0
435 0
431 6.56354
436 6.94172
438 0
437 6.64266
439 5.21153
441 0
442 0
440 4.75395
443 5.53399
444 4.74974
445 6.76387
446 4.91528
448 0
449 0
450 0
451 0
447 5.42563
453 0
452 5.73367
454 5.12957
455 4.9371
456 5.11737
457 5.10514
458 4.60299
460 0
461 0
462 0
463 0
464 0
459 4.19821
466 0
467 0
465 4.09268
468 4.79583
469 3.86491
471 0
472 0
473 0
470 4.86056
475 0
474 4.35172
476 4.24264
478 0
477 4.37321
480 0
479 3.88909
481 3.59687
482 3.7333
483 4.1003
484 3.63146
486 0
485 3.94493
487 4.1003
489 0
488 4.1003
491 0
492 0
493 0
494 0
490 5.50757
495 4.12311
497 0
496 5.20683
498 4.34454
500 0
499 5.28099
502 0
501 5.28099
503 5.63718
505 0
504 4.87625
506 5.08811
508 0
509 0
510 0
511 0
507 4.6428
513 0
512 5.61743
514 4.93288
516 0
517 0
518 0
515 5.07718
519 4.54606
521 0
520 4.42217
522 4.48454
524 0
525 0
526 0
527 0
528 0
529 0
530 0
531 0
523 4.17665
532 4.44722
533 3.81517
534 4.21637
535 4
537 4.57044
538 4.6188
540 0
541 0
539 2.76405
543 0
544 0
545 0
542 3.10242
547 0
548 0
549 0
550 0
551 0
552 0
553 0
554 0
546 2.48998
556 0
557 0
558 0
559 0
560 0
555 7.64984
561 6.35925
562 6.12209
563 5.98665
564 6.18385
565 6.03987
566 5.755
568 0
567 5.63915
569 5.37029
571 0
570 5.09902
572 5.20769
573 4.46318
575 0
576 0
574 4.58258
578 0
577 4.69894
580 0
581 0
582 0
579 5.37401
584 0
583 4.4
585 3.85746
586 3.75832
588 0
587 3.34664
589 3.76829
590 2.90517
592 0
591 2.44131
594 0
595 0
596 0
597 0
593 3.2
598 3.15238
600 0
601 0
599 3
603 0
602 4.05432
604 3.78319
605 2.87228
606 3.05164
607 2.98957
608 3.26917
609 2.97909
610 2.93683
611 2.72718
612 3.0104
614 0
615 0
613 2.81736
616 2.76134
617 2.26385
619 0
620 0
621 0
618 2.07666
622 2.3585
623 2.16506
624 2.4367
625 2.48747
626 2.65754
627 2.78388
629 0
630 0
628 2.44949
631 2.82843
633 0
634 0
632 3.09233
636 0
635 2.48747
637 2.33184
638 2.90593
640 0
639 2.37171
641 2.23607
643 0
642 3.01846
645 0
646 0
647 0
648 0
644 2.56174
650 0
651 0
649 2.98142
652 3.21455
654 0
655 0
656 0
657 0
653 3.01846
659 0
660 0
661 0
662 0
663 0
658 3.05505
664 3.19722
666 0
667 0
668 0
669 0
665 4.05518
670 2.53859
672 0
673 0
674 0
671 4.08248
675 2.96273
677 0
678 0
679 0
676 3.50892
680 3.58817
681 2.95804
682 4.20565
683 3.98434
685 0
684 3.58818
687 0
689 0
686 4.27931
691 0
692 0
693 0
694 0
690 14.0823
696 0
695 24.2097
697 17.2369
698 16.2583
700 0
699 23.2259
701 23.6643
702 22.9541
704 0
705 0
703 14.2244
706 23.9008
707 23.5266
709 0
708 23.6114
711 0
712 0
713 0
714 0
715 0
710 22.9074
717 0
716 21.5465
718 21.0535
720 0
719 17.3494
721 17.6564
723 0
722 20.6398
724 20.6337
725 19.0197
726 18.0831
728 0
729 0
727 19.7864
731 0
730 16.9558
732 19.1377
733 16.9632
735 0
734 19.0066
737 0
736 16.2635
738 17.0953
740 0
739 14.4655
742 0
744 0
745 0
741 14.1421
747 0
748 0
746 12.5996
750 0
751 0
749 13.1529
753 0
752 12.1861
754 12.5399
755 11.7154
756 10.247
757 13.6657
758 11.9687
759 11.4564
760 10.8282
762 0
761 11.8427
764 0
765 0
763 11.2138
766 11.068
768 0
767 10.3682
769 12.5599
772 0
773 0
774 0
771 11.4127
776 0
775 10.025
777 9.66954
779 0
780 0
778 10.025
781 8.70345
783 0
782 10.9659
785 0
784 8.87412
786 8.80341
789 0
790 0
791 0
792 0
788 8.47054
793 7.6974
795 0
796 0
794 7.84219
797 8.30662
798 8.27647
800 0
799 7.77817
801 8.44097
803 0
804 0
802 8.93029
805 7.46659
806 8.88819
808 0
807 17.1756
810 0
811 0
812 0
809 9.64365
813 7.44983
815 0
814 8.27647
817 0
816 7.46659
818 7.01783
819 7.98436
820 8.15475
821 13.9642
823 0
824 0
825 0
822 8.80341
827 0
826 8.39643
828 6.7082
830 0
829 8.5
831 6.06218
833 0
834 0
835 0
836 0
832 10.8628
837 5.24404
839 0
840 0
838 6.20484
841 6.98212
842 5.54527
843 9.32738
844 6.87386
845 10.4881
846 11.0905
848 0
849 0
850 0
847 4.84768
852 0
851 9.69536
854 0
855 0
853 11.1803
857 0
856 10.1489
859 0
858 6.0208
860 8.88819
862 0
863 0
861 3.96863
865 0
864 9.21954
867 4.92443
869 0
870 0
868 8.60233
871 7.61577
873 0
874 0
872 5.40833
875 4.4441
877 0
876 7.61577
879 0
878 5.67891
880 9.53939
881 7.61577
883 0
882 12.8062
884 10.2956
885 5.07445
886 11.3578
888 0
889 0
890 0
887 7.87401
891 7.14143
893 0
894 0
892 4.5
895 4.7697
896 6.55744
898 0
897 7.87401
900 0
901 0
899 8.83176
903 0
902 4.24264
905 0
904 7.93725
907 0
906 7.93725
908 7.61577
911 0
912 0
909 3.57071
913 6.36396
915 0
914 6.08276
916 7
917 10.3923
918 7.14143
919 9.69536
921 0
920 4.24264
922 5.78792
924 0
925 0
923 6.245
927 0
928 0
926 8.48528
929 7.14143
931 0
932 0
930 9
933 3.96863
934 4.5
936 0
937 0
935 8.88819
939 0
938 7
940 5.07445
942 0
943 0
944 0
945 0
941 4.1833
948 0
947 11.5326
950 0
951 0
952 0
953 0
954 0
949 11.3578
956 0
955 5.47723
957 6.32456
958 9
959 7.14143
961 0
960 5.38516
962 8.24621
964 0
963 7.14143
965 4.47214
967 0
966 6.245
968 7
969 8.30662
971 0
970 7.93725
972 7
974 0
973 7.93725
975 9
977 0
978 0
976 12.0416
980 0
979 9
981 11.3578
982 13.0384
983 7.34847
985 0
986 0
984 11.3578
988 0
989 0
990 0
991 0
987 9.11043
992 6.08276
993 10.1489
994 3.57071
996 0
995 6.245
998 0
997 7.93725
999 7
1000 9.69536
1001 9
1002 11.3578
1003 4.15331
1004 9.84886
1005 5.24404
1006 11.3578
1007 11.3578
1008 11.3578
1009 5.07445
1010 11.3578
1011 9.53939
1012 8.30662
1013 10.9087
1014 11.3578
1015 6.0208
1016 10.1489
1017 10.6771
1018 9.69536
1019 11.1803
1020 4.7697
1021 10.6771
1022 4.58258
1023 10.0499
1024 12.8062
1025 11.225
1026 5.19615
1027 4.52769
1028 10.1489
1029 9.53939
1030 9.84886
1031 5.67891
1032 10.1489
1033 10.8167
1034 12.8452
1035 11.3578
1036 12.0416
1037 10.1489
1038 10.1489
1039 8.83176
1040 4.58258
1041 9.32738
1042 10.1489
1043 7.07107
1044 9.69536
1045 11.225
1046 9.84886
1047 8.30662
1048 10.9087
1049 10.1489
1050 10.1489
1051 10.1489
1052 9
1053 10.9087
1054 10.1489
1055 9.53939
1056 8.30662
1057 8.30662
1058 10.1489
1059 9.53939
1060 8.30662
1061 7.81025
1062 9.27362
1063 9.27362
1064 7.14143
1065 9
1066 10.3923
1067 9
1068 10.1489
1069 4.24264
1070 9.69536
1071 9.69536
1072 10.1489
1073 10.4881
1074 4.24264
1075 8.48528
1076 8.48528
1077 8.48528
1078 10.3923
1079 10.3923
1080 8.48528
1081 9.27362
1082 10.3923
1083 11.5758
1084 9.27362
1085 10.198
1086 4.63681
1087 8.24621
1088 8.48528
1089 10.3923
1090 8.48528
1091 10.198
1092 8.66025
1093 9.27362
1094 8.48528
1095 4.63681
1096 10.3923
1097 8.48528
1098 8.06226
1099 8.06226
1100 10.4403
1101 8.24621
1102 7
1103 4.03113
1104 8.06226
1105 8.06226
1106 7.4162
1107 8.06226
1108 8.06226
1109 9.27362
1110 8.06226
1111 8.06226
1112 9.21954
1113 8.06226
1114 9.27362
1115 8.06226
1116 7.4162
1117 8.06226
1118 7.4162
1119 6.48074
1120 4.84768
1121 9.84886
1122 10.3923
1123 8.48528
1124 8.48528
1125 9.74679
1126 7.81025
1127 9.74679
1128 7.81025
1129 9
1130 8.66025
1131 7.81025
1132 10.6301
1133 9.74679
1134 9.74679
1135 7.34847
1136 9.27362
1137 7.34847
1138 8.48528
1139 7.34847
1140 9
1141 8.24621
1142 7.34847
1143 8.24621
1144 8.24621
1145 9.27362
1146 8.48528
1147 6.63325
1148 10.198
1149 8.48528
1150 6.32456
1151 8.24621
1152 8.24621
1153 7.34847
1154 7.87401
1155 8.48528
1156 9.27362
1157 8.48528
1158 6.63325
1159 7.34847
1160 7.34847
1161 8.24621
1162 8.48528
1163 6.32456
1164 6.63325
1165 9.27362
1166 9
1167 7.81025
1168 8.42615
1169 8.42615
1170 4.8734
1171 9
1172 7.81025
1173 4.8734
1174 9
1175 9.27362
1176 9.27362
1177 7.34847
1178 4.8734
1179 1.88562
1180 3.90512
1181 3.60555
1182 2.4037
1183 3.90512
1184 3.90512
1185 25.6564
1186 25.6564
1187 25.7536
1188 25.7002
1189 25.6223
1190 25.6223
1191 17.1626
1192 25.6223
1193 25.6223
1194 25.6223
1195 25.6223
1196 25.6661
1197 25.6223
1198 25.6661
1199 25.6223
1200 25.6223
1201 25.6661
1202 17.1335
1203 25.7002
1204 25.6661
1205 25.7002
1206 25.6564
1207 25.7973
1208 25.5881
1209 25.6223
1210 25.5979
1211 17.1626
1212 25.7536
1213 25.8505
1214 25.7439
1215 25.7536
1216 25.7439
1217 25.7973
1218 25.7439
1219 25.7973
1220 25.8167
1221 25.7973
1222 25.7536
1223 25.7973
1224 25.7973
1225 25.7439
1226 25.7973
1227 25.7439
1228 27.5726
1229 27.7308
1230 27.9553
1231 27.5636
1232 18.6041
1233 13.6679
1234 18.5921
1235 18.3636
1236 18.5712
1237 18.303
1238 18.3757
1239 18.5442
1240 18.303
1241 18.1567
1242 18.1965
1243 18.0924
1244 18.1475
1245 18.0678
1246 17.9969
1248 0
