1 33.51766802 3.59046701 0.00237999 n 0.00000000
2 30.34082899 5.81870502 0.00196899 n 0.00000000
3 29.59814799 3.55573199 0.00081200 n 0.00000000
4 28.76430700 3.54583899 0.00116701 n 0.00000000
5 23.59229603 4.56679700 0.00212897 n 0.00000000
6 27.39923898 3.54698100 0.00076200 n 0.00000000
7 28.70567099 3.53187701 0.00087501 n 0.00000000
8 27.95834999 3.52183598 0.00080399 n 0.00000000
9 23.17545901 4.58147502 0.00207601 n 0.00000000
10 27.40941799 4.36441699 0.00091601 n 0.00000000
11 29.28271901 3.57373001 0.00089000 n 0.00000000
12 28.12283300 3.55007601 0.00072300 n 0.00000000
13 22.17515098 5.01272900 0.00203800 n 0.00000000
14 29.14858499 3.60969600 0.00072201 n 0.00000000
15 33.78436199 3.58130099 0.00089500 n 0.00000000
16 22.70367299 3.56334599 0.00093799 n 0.00000000
17 23.08232500 5.60044200 0.00204000 n 0.00000000
18 30.64490302 3.71502698 0.00151401 n 0.00000000
19 32.75231400 3.56685402 0.00075600 n 0.00000000
20 23.02472800 4.22295302 0.00220299 n 0.00000000
21 26.84209499 4.80107102 0.00086499 n 0.00000000
22 22.33102301 3.52092701 0.00060402 n 0.00000000
23 29.58622199 3.73735200 0.00072201 n 0.00000000
24 25.24867299 3.84330901 0.00221303 n 0.00000000
25 29.09130699 3.54847201 0.00096002 n 0.00000000
26 25.88031700 5.61208100 0.00131500 n 0.00000000
27 27.40821399 4.09221899 0.00076898 n 0.00000000
28 24.03367902 4.92968201 0.00187499 n 0.00000000
29 28.21475000 4.15761198 0.00055900 n 0.00000000
30 28.62005599 3.56492100 0.00084401 n 0.00000000
31 26.53208902 3.54664799 0.00070099 n 0.00000000
32 26.99372699 5.04021099 0.00215598 n 0.00000000
33 30.16331501 3.62105199 0.00106098 n 0.00000000
34 29.69730899 3.63604698 0.00123700 n 0.00000000
35 22.16132102 4.23497800 0.00310902 n 0.00000000
36 29.89237200 3.56090299 0.00121901 n 0.00000000
37 29.88333802 3.53564200 0.00137201 n 0.00000000
38 29.78169202 4.98715998 0.02178701 A 0.43781099
39 27.38637602 3.56314299 0.00082300 C 0.00032099
40 28.06632902 3.56060499 0.00096098 C 0.00012698
41 28.68013302 3.55005500 0.00222700 B 0.15946801
42 30.01893201 4.34537302 0.00245200 B 0.18403999
43 30.19229200 3.56885299 0.00234399 B 0.14254998
44 28.25201501 3.53687702 0.00180601 B 0.14455899
45 30.48494400 3.63779502 0.00172798 B 0.14243199
46 29.10899301 3.62787797 0.00226300 B 5.23056000
47 22.97905201 4.94734800 0.00443900 A 0.38629898
48 28.70021001 3.65697901 0.00215298 B 0.17452700
49 30.00458199 3.56898800 0.00193901 B 0.14598502
50 26.19024800 3.85325000 0.00423199 B 0.29131700
51 27.34888700 5.34859000 0.02335798 B 0.26653800
52 28.41369502 3.60816901 0.00168299 B 0.14430899
53 25.61312300 4.63570200 0.00568503 B 12.86798102
54 28.35442100 3.59848302 0.00219498 A 0.31680000
55 30.60783001 6.15941599 0.00391901 B 0.43518000
56 27.64103198 4.40104402 0.00189000 B 0.17079202
57 32.57514501 3.56855500 0.00236099 B 0.14955099
58 24.51572899 7.13840700 0.00549000 B 0.50096298
59 28.52615001 3.60926500 0.00238299 B 0.18013801
60 28.75597999 3.54975200 0.00176000 B 13.09652999
61 26.37943401 3.57522300 0.00226498 A 0.33861698
62 23.41122300 3.63161499 0.00245700 B 0.15289601
63 27.61486801 3.91037800 0.00412401 B 0.40404900
64 27.33146999 5.06676899 0.00244001 B 0.19268499
65 28.97646002 3.56283999 0.00245601 B 0.16309100
66 29.02471300 3.64620500 0.00226698 B 0.18373100
67 28.98527501 3.60587399 0.00240799 B 12.65710601
68 23.15251000 4.01607400 0.00421100 B 21.09171401
69 29.03371601 3.56177601 0.00222601 B 22.13513301
70 30.40820398 3.59676499 0.00226000 B 19.12759402
71 29.50666798 3.55702598 0.00208200 B 12.93601899
72 27.78633198 3.73975700 0.00208698 B 12.85848199
73 28.49757599 4.40288798 0.00499701 B 20.93718899
74 28.38657601 3.56028200 0.00251902 B 19.99405699
75 28.99794100 3.60645601 0.00195700 B 13.25015503
76 32.00984100 4.08174400 0.00266801 B 14.54126299
77 24.31711499 5.44952299 0.00608200 B 19.16455300
78 29.10888501 3.62592700 0.00167900 B 21.06817099
79 28.69064102 3.56552101 0.00236000 B 14.71283901
80 29.88940099 3.60007901 0.00167600 B 12.58709200
81 23.23462200 4.68077400 0.00445900 B 19.73723000
82 28.40619601 3.57966899 0.00200901 B 19.02829201
83 30.02589100 3.58353302 0.00219600 B 13.02139001
84 28.11217398 3.69645900 0.00257100 B 12.83384798
85 27.08360399 4.77824002 0.00546698 B 20.04741700
86 28.93278399 3.62932900 0.00249702 B 20.26599401
87 28.51807600 3.51626900 0.00204198 B 12.98257301
88 29.79503898 3.66558900 0.00260200 B 12.60051501
89 25.21459101 3.67956099 0.00356001 B 22.04656400
90 29.75943498 3.55118199 0.00253899 B 17.76713401
91 30.08882000 3.56770598 0.00219001 B 12.61795900
92 26.76363301 5.25247899 0.00232799 B 14.20812600
93 26.84282299 3.74242102 0.00263902 B 22.01141301
94 31.04743201 3.66476300 0.00218098 B 18.07247498
95 30.03170801 3.73714999 0.00257202 B 12.90878598
96 30.13021802 3.70590299 0.00162699 B 14.28342401
97 25.07080999 3.74494601 0.00411901 B 21.62418302
98 28.05150201 3.75919699 0.00242199 B 17.84407999
99 29.80826699 3.73824500 0.00224600 B 13.01432998
100 26.78305199 4.21576598 0.00258000 B 13.10752900
101 25.52390899 4.06479300 0.00373099 B 21.12616602
102 28.96894800 3.86072500 0.00243098 B 20.96474901
103 30.53580900 3.86728600 0.00255700 B 15.07120603
104 27.40929101 4.43904099 0.00187199 B 13.12945000
105 28.22258000 5.54829399 0.00265701 B 15.29479600
106 28.69621699 3.85845301 0.00303701 B 24.93317000
107 31.26501301 4.59362299 0.00385701 B 21.24403100
108 29.99157799 3.84415401 0.00274202 B 24.12488800
109 30.26509201 3.88501302 0.00269501 B 22.86976701
110 29.14015300 3.81811699 0.00175400 B 22.19164601
111 30.11111703 3.83495499 0.00261699 B 18.11303900
112 32.36822400 3.83519399 0.00197100 B 14.92766899
113 32.10546999 4.05024100 0.00263299 B 14.44736001
114 23.72587900 5.75842601 0.00431199 B 20.09771901
115 28.24585797 4.90879701 0.00570601 B 21.42422501
116 30.37618101 4.41127599 0.00358699 B 22.89155801
117 27.71794100 3.87340100 0.00284100 B 22.83414899
118 29.50801098 3.87820700 0.00278102 B 23.54729598
119 29.76321100 3.86497000 0.00209198 B 20.27110598
120 30.90611499 3.86313599 0.00188200 B 36.91191800
121 24.63308899 5.58577300 0.00377299 B 32.08549600
122 30.53883900 3.88349401 0.00217400 B 33.93174900
123 29.87724901 3.78373600 0.00264699 B 33.74648499
124 30.58419900 3.88227400 0.00424898 B 36.25147001
125 23.69935799 7.41461999 0.00278201 B 28.13140998
126 30.94053702 3.78474902 0.00261000 B 28.11168198
127 31.49043600 3.96695602 0.00170202 B 33.21370701
128 28.42143402 3.81760701 0.00313300 B 36.89669698
129 23.89711200 7.02780799 0.00339400 B 34.42376401
130 29.03532999 3.71724300 0.00244402 B 32.61886002
131 28.67853199 3.69005901 0.00282601 B 33.28721100
132 29.60454198 3.72495301 0.00291999 B 37.35495300
133 23.13413899 5.70285402 0.01331398 B 32.83817001
134 27.13304100 4.84514699 0.00226000 B 30.99658698
135 29.81598102 3.69222299 0.00280802 B 35.96959802
136 29.58417102 3.67604202 0.00275800 B 36.70286000
137 25.92574400 4.98524398 0.00380300 B 33.42639402
138 27.74703200 4.26963301 0.00322802 B 30.89791298
139 29.45637802 3.67358202 0.00231902 B 34.02657202
140 28.73751998 3.72952101 0.00268701 B 34.86709698
141 27.65790801 3.57883202 0.00220700 B 38.39140400
142 31.88137899 3.84142800 0.00315599 B 30.34534201
143 28.22544900 3.68341300 0.00301999 B 27.96466302
144 29.58868598 3.69876801 0.00202699 B 32.37766601
145 31.31452500 3.81480501 0.00239600 B 38.09002601
146 27.37458199 6.21837800 0.00363600 B 29.05509199
147 30.97860501 4.19353801 0.00248000 B 33.30139400
148 30.60266800 3.80382000 0.00212400 B 36.61907202
149 23.68650699 5.40983799 0.00609399 B 34.01761601
150 28.79205602 5.21921500 0.00192301 B 31.61851098
151 27.62169699 5.02536100 0.00211303 B 34.60130899
152 35.50697901 3.92078899 0.00281801 B 38.43227899
153 23.27720899 5.60356700 0.00438801 B 30.00125900
154 29.69044901 4.69378202 0.00290500 B 30.57403798
155 30.43488899 4.02935300 0.00234100 B 28.09233699
156 30.11888199 4.00839298 0.00271000 B 32.97412401
157 29.92877699 4.06067600 0.00283000 B 37.95861700
158 23.20963400 5.55491500 0.00462699 B 33.07927802
159 30.48132299 4.09620401 0.00192199 B 31.19921201
160 29.76929801 4.05075701 0.00210601 B 32.58250502
161 30.54092900 4.03606301 0.00312901 B 36.72447099
162 24.09600100 5.31223902 0.00514300 B 34.82912702
163 30.15784599 4.03940200 0.00313102 B 27.93839600
164 30.20839099 4.00196001 0.00316399 B 33.28795801
165 29.29841599 3.96422698 0.00296900 B 37.24071899
166 26.18239002 5.79795401 0.00388001 B 33.06350700
167 27.98464999 4.44170201 0.01173001 B 28.53656400
168 29.99333502 3.86533700 0.00261801 B 34.43765701
169 31.59676600 4.06926501 0.00358600 B 30.44553800
170 29.77606002 5.25898501 0.00389601 B 34.09680101
171 32.07807601 4.03798799 0.00222400 B 34.18083102
172 36.15642199 3.97647999 0.01153501 B 38.61577998
173 32.53922198 5.64491801 0.00210499 B 32.01895201
174 34.14076299 3.92103300 0.00196398 B 35.90751998
175 25.45482799 6.68061501 0.00416199 B 50.94912302
176 34.65939598 7.01820798 0.00411901 B 53.41958799
177 31.42024198 3.90564298 0.00410600 B 56.73224400
178 33.36005899 4.01430301 0.00213101 B 58.31376102
179 30.49142801 3.84046801 0.00185598 B 57.24114200
180 29.65863000 3.84406501 0.00221998 B 56.72013602
181 30.49738199 3.92495902 0.00304100 B 45.14909600
182 27.65403298 5.36848701 0.00317898 B 45.94733100
183 31.01754701 3.85823200 0.00195199 B 55.55066600
184 31.19332399 3.85304898 0.00226300 B 56.26296301
185 30.87391000 3.71715901 0.00162801 B 45.24033802
186 28.75718201 4.72540798 0.00273102 B 44.99013300
187 29.44480599 3.94391501 0.01349201 B 52.80963099
188 31.85644501 3.78378600 0.00246702 B 58.40220800
189 30.92802601 3.78432800 0.00227097 B 55.82505901
190 33.54650299 3.80851500 0.00247799 B 56.52455101
191 30.90249101 3.84844502 0.00253003 B 54.58381202
192 30.31051697 4.52720199 0.00305500 B 57.76113100
193 27.97803300 3.82322699 0.00253599 B 49.80259502
194 30.28192601 5.38835398 0.01214800 B 51.35699801
195 25.46031700 7.72039802 0.01354801 B 51.88016701
196 30.12217701 3.76411699 0.00164402 B 58.58570599
197 31.63605300 3.75236900 0.00260101 B 55.97248202
198 31.52554101 3.75126401 0.00237100 B 55.42779199
199 29.38620001 3.79725700 0.00221201 B 45.51685799
200 24.96847999 5.68358600 0.01349702 B 51.38254201
201 31.46577801 3.76538598 0.00258299 B 57.45627198
202 33.39833301 3.83335500 0.00237799 B 56.25684300
203 30.99018300 4.01570700 0.00163601 B 56.67889200
204 30.89894302 3.75199498 0.00235002 B 52.43950200
205 31.08409600 3.75122103 0.00224201 B 48.50622598
206 25.09768400 5.97861700 0.00404002 B 50.02611800
207 29.61014499 3.84106301 0.00272901 B 57.91083400
208 30.01941700 3.74034201 0.00298599 B 57.44366202
209 31.88527201 3.78000102 0.00272601 B 56.65752199
210 33.19307501 3.76557698 0.00272100 B 56.65406902
211 30.99088301 3.63949701 0.00231701 B 55.03852700
212 31.04854099 3.64017999 0.00177301 B 44.67462399
213 26.22478400 5.82396102 0.00281801 B 31.15594402
214 32.14248500 3.75070100 0.00194201 B 34.26146400
215 33.16558100 3.73438199 0.00276900 B 38.16709798
216 29.80143801 5.08685401 0.00223098 B 30.20879999
217 32.34097300 3.69960102 0.00184300 B 35.71520600
218 30.96467300 3.84250801 0.00254301 B 36.25897900
219 29.13712498 5.48593301 0.00348300 B 29.59487602
220 38.85105799 3.89084601 0.00285200 B 38.65339700
221 25.78698299 5.82556200 0.01378698 B 35.11135498
222 28.46925301 3.87103501 0.00270500 B 33.12782198
223 28.65373899 3.92538600 0.00218500 B 34.53331499
224 31.94938399 6.25940799 0.00407099 B 35.04036402
225 31.69446700 3.92447499 0.00225400 B 36.41006301
226 29.41387898 3.97204701 0.00304700 B 40.53627202
227 26.05875500 8.26261300 0.00285401 B 31.01199301
228 28.39117200 4.74379200 0.00501698 B 39.69669700
229 30.88582700 3.84090201 0.00274100 B 38.50074098
230 28.29540000 5.70454900 0.00369202 B 18.89455598
231 28.83665299 4.70577402 0.00279400 B 19.89801400
232 28.95015801 4.00250699 0.00266099 B 22.15837498
233 30.44186099 3.95542802 0.00243803 B 23.32330000
234 28.22553401 4.03843299 0.00318600 B 21.96369201
235 27.24368000 4.00095902 0.00247202 B 19.48826501
236 29.92522600 4.00885800 0.00178302 B 15.84790699
237 21.70474298 4.93906200 0.00348999 B 23.59587900
238 28.23724499 5.19269201 0.00637199 B 20.89092802
239 26.18512401 4.07982798 0.00286699 B 14.19433401
240 33.38177301 4.58659101 0.00284798 B 1.62299300
241 25.50176400 4.02481999 0.00470001 B 0.56822799
242 29.28251799 4.19877801 0.00271600 B 34.66994301
243 25.39617900 3.95825002 0.00242700 B 19.90396701
244 27.14160399 3.90165401 0.00186998 B 14.26904101
245 29.39011899 3.91233698 0.00179900 B 12.78974602
246 24.00911000 4.11647800 0.00406298 B 22.46888701
247 30.68360401 4.05894301 0.00359898 B 23.56589001
248 29.67883399 4.01048400 0.00351202 B 19.51164301
249 28.39951802 3.94924500 0.00247400 B 37.03061101
250 24.81359502 7.14871602 0.00442599 B 29.85716998
251 22.35471999 5.73863901 0.00549501 B 30.64447100
252 27.67903800 4.98382200 0.00299502 B 35.26109899
253 28.05998898 4.02978199 0.00313800 B 34.62876202
254 24.68986899 7.44260801 0.00632901 B 53.66357102
255 25.42421900 3.94696801 0.00307898 B 44.93008900
256 29.46240798 3.88002899 0.00210601 B 29.13610302
257 29.37396601 3.97005398 0.00179498 B 35.39856398
258 29.32495702 4.00163300 0.00295899 B 34.98921701
259 28.19989301 5.40786600 0.00353000 B 32.09826598
260 30.03180699 4.08152200 0.00215202 B 35.09535000
261 28.70876301 4.05465800 0.00174000 B 30.44103400
262 23.38542900 5.66205801 0.00588200 B 32.28178300
263 26.06924201 5.35107101 0.00216599 B 28.16426402
264 29.78224101 4.04687700 0.00232601 B 33.12149100
265 27.77133600 3.99550999 0.00302200 B 31.86074202
266 31.20678998 4.09159498 0.00347800 B 39.15414598
267 23.56982400 5.94522100 0.00673198 B 35.39307098
268 30.01669902 3.93807000 0.00290500 B 33.65280901
269 29.21486498 4.06431200 0.00330500 B 36.02391900
270 29.92334100 4.75102800 0.00299598 B 51.77121400
271 28.87461497 4.74684301 0.00241099 B 51.55446398
272 29.79973299 3.93189100 0.00303000 B 57.25515200
273 29.76042699 3.97582000 0.00342799 B 53.38736702
274 26.66742200 3.85346101 0.00350899 B 54.71117701
275 29.53843999 4.93653200 0.00301399 B 75.50547100
276 29.24575997 5.76012599 0.00416598 B 65.56174700
277 29.94257500 4.37628600 0.00209300 B 63.33495898
278 31.17211402 4.17469101 0.00227802 B 74.51471197
279 25.55634402 4.79001401 0.00547801 B 70.01919902
280 23.52334198 5.73535598 0.01400101 B 68.07837600
281 27.82317001 3.93758598 0.00166800 B 72.31602599
282 29.60969700 3.78818699 0.00184702 B 72.23777598
283 29.28170300 5.59461900 0.00531701 B 69.04843199
284 31.99208700 3.92606400 0.00237199 B 71.59722500
285 30.70928701 3.80110499 0.00201300 B 72.77608701
286 23.91098000 6.65796900 0.00477998 B 64.95911902
287 25.71591301 5.70465400 0.00236699 B 65.44870100
288 30.45606200 3.91572501 0.00381900 B 70.57624802
289 30.05044500 3.78882402 0.00232499 B 74.01131801
290 27.54559700 7.04692901 0.00592900 B 67.59917800
291 26.54230001 5.57026002 0.00264801 B 64.49815098
292 34.85611200 3.73655400 0.00345000 B 74.27016398
293 27.34210901 4.75648700 0.00450501 B 74.28331699
294 28.64231699 3.74173201 0.00310902 B 73.60020201
295 32.47267799 3.76199899 0.00270602 B 72.04100300
296 23.66042903 5.38948798 0.00381301 B 68.85041101
297 27.13104800 5.56272699 0.00305800 B 69.84911300
298 30.49907601 3.61043902 0.00233800 B 74.68539401
299 28.57361402 4.25078601 0.00262298 B 71.39185001
300 27.80581001 4.62282100 0.00273899 B 65.38749801
301 23.73353101 4.00766201 0.00246099 B 65.58028498
302 29.01587301 3.72481300 0.00274100 B 76.14823399
303 28.51326499 5.25654500 0.00599600 B 61.91340799
304 27.63341498 5.54738499 0.00437797 B 67.51186503
305 27.28099001 3.89542698 0.00216102 B 65.14195801
306 31.50116801 3.83274801 0.00322101 B 69.45298100
307 30.39080798 4.59941197 0.00489698 B 72.14150199
308 31.78320199 4.85383501 0.00237901 B 70.03681001
309 30.66721902 4.00898201 0.00350800 B 72.61874599
310 28.18254099 5.54082100 0.00563299 B 69.97519499
311 24.30534601 4.10393800 0.00243299 B 63.62183299
312 27.07693601 5.62078299 0.00299100 B 65.50107399
313 23.06205998 4.11705201 0.00387299 B 68.22083899
314 29.42893302 4.00989401 0.01301200 B 77.53076500
315 35.14208298 4.48575200 0.00330701 B 58.26449799
316 28.81744099 4.60206001 0.00363501 B 64.91889400
317 29.89670701 4.00205501 0.00257400 B 70.89979900
318 31.15134800 3.99513400 0.00270800 B 71.36400801
319 26.90475501 6.37505500 0.00396499 B 67.34620201
320 31.50781101 4.13985699 0.00267799 B 65.30550501
321 31.26186400 4.07822098 0.00410300 B 72.25565601
322 28.74556801 6.33512900 0.00507399 B 67.36419900
323 33.42831699 3.78966800 0.00196099 B 75.74112900
324 29.05846701 3.95579898 0.00313603 B 73.43642300
325 28.21345098 5.57099801 0.00329301 B 65.29527399
326 31.73136999 3.91420902 0.00350500 B 74.98561000
327 32.09906101 4.98659801 0.00336801 B 68.74363602
328 31.04232700 3.87184400 0.00394802 B 76.27898300
329 28.60275598 6.02316100 0.00500499 B 63.49880900
330 27.03899101 5.92340200 0.00372599 B 76.19453600
331 34.23082602 3.94932300 0.00246702 B 74.83046802
332 27.35054499 6.41317599 0.00670698 B 61.95291900
333 26.19393900 6.05320302 0.00450201 B 66.68995001
334 31.40335102 3.96853499 0.00389098 B 78.77949599
335 27.81857201 6.68784900 0.00564498 B 67.52307198
336 30.48344000 3.91179798 0.00388300 B 62.83394500
337 28.38994202 3.88529801 0.00385099 B 77.83531002
338 27.19292199 7.02862203 0.00373102 B 69.22241001
339 25.76039100 3.90676502 0.00237100 B 66.19082202
340 27.28553399 3.93250800 0.00313399 B 72.17790000
341 31.77227400 4.00153600 0.00317101 B 71.94966800
342 26.70200900 6.78514302 0.00445399 B 61.87641100
343 26.78926502 5.76276000 0.00401400 B 66.97718700
344 26.14057099 4.01543401 0.00272901 B 74.76432002
345 32.37392902 4.72110201 0.00225601 B 77.07829200
346 30.64422100 4.89302102 0.00324901 B 75.35105702
347 26.30342101 3.97427200 0.00240799 B 72.17988200
348 28.43665000 5.67134001 0.00547798 B 68.48764201
349 29.67703601 3.94782401 0.00347698 B 72.74574999
350 29.99226001 3.91492501 0.00295899 B 73.57628201
351 31.98780600 5.43339399 0.00515400 B 68.58418800
352 25.96252799 6.08401201 0.00363699 B 71.97068501
353 34.13560201 3.71826300 0.00224099 B 73.87231101
354 23.60334201 5.69251101 0.00232601 B 69.28074599
355 27.22609398 3.63841199 0.00299499 B 66.74747000
356 33.50934898 3.74596100 0.00263000 B 74.55536199
357 29.28743200 7.04747500 0.00336301 B 64.96406201
358 23.94472499 3.92441600 0.00314700 B 63.25998603
359 31.26307900 3.64990099 0.00211300 B 77.12246600
360 25.14721602 8.74618301 0.01212998 B 88.79408400
361 28.32107601 5.77777601 0.00678599 B 91.42918000
362 30.54279898 3.86503001 0.00229600 B 89.55148299
363 25.26833001 3.76313101 0.00251702 B 90.43957599
364 32.17642300 3.91192100 0.00279001 B 89.61277100
365 29.85974500 3.81431100 0.00224600 B 92.37950502
366 26.44983600 4.93236398 0.00541401 B 92.37884599
367 30.24775500 4.17275899 0.00232400 B 84.02688900
368 29.78157200 4.02236500 0.00205802 B 92.25131801
369 30.24893100 3.81829700 0.00280401 B 88.53041698
370 30.44178599 3.86631500 0.00250500 B 88.19448101
371 25.30903899 4.43566099 0.00240500 B 88.60198001
372 29.53732898 5.14161799 0.00320302 B 87.95592299
373 29.48358899 3.91069401 0.00210298 B 90.32440902
374 30.75017501 3.81958199 0.00236099 B 86.07182899
375 24.37251102 3.99730698 0.00216998 B 88.53731101
376 26.95398699 4.90019101 0.00297700 B 88.11802199
377 34.72900699 5.45981500 0.00254798 B 85.61145200
378 29.62841600 3.81194201 0.00252499 B 86.29424399
379 30.63324498 3.77918800 0.00231000 B 90.16481601
380 31.38717997 3.76295397 0.00214399 B 87.55923700
381 25.65422500 3.83153299 0.00268299 B 90.37798800
382 24.38215300 8.95022700 0.01178100 B 89.08345900
383 30.24287801 5.03478700 0.00396100 B 86.13874702
384 31.77531299 3.69911201 0.00238599 B 89.97856401
385 30.47587900 3.68516799 0.00316798 B 88.83307400
386 25.25214400 3.77978300 0.00336199 B 90.03078801
387 30.58231800 4.51234001 0.00321100 B 84.70593300
388 26.14891500 3.70093700 0.00254199 B 85.81779801
389 31.79588201 3.82442700 0.00354700 B 86.43961599
390 24.87898699 3.80844402 0.00327302 B 89.85826702
391 28.45169202 6.08182198 0.00475699 B 85.51345702
392 28.49739901 3.81467401 0.00539800 B 80.28366099
393 31.83367598 3.77469300 0.00325500 B 77.34057901
394 24.41462601 7.07017203 0.00446700 B 73.46408200
395 30.02853499 3.67875298 0.00206599 B 74.98930499
396 27.04836501 3.75417701 0.00312499 B 66.52388201
397 26.33292001 5.37596500 0.00217403 B 65.35544101
398 24.49277599 5.31354500 0.00261699 B 65.10923701
399 28.25559300 3.77733400 0.00359799 B 69.04693402
400 30.68702499 3.78507900 0.00343999 B 71.23173302
401 26.24884300 6.91514599 0.00330599 B 67.79460699
402 26.60300600 5.03924899 0.00247802 B 63.95993198
403 29.41375799 4.06909600 0.00260802 B 70.46942500
404 28.86551199 3.71262900 0.00209798 B 73.27662900
405 26.64417800 6.86769502 0.00397899 B 67.90064799
406 26.28129598 5.40645598 0.00320599 B 62.63637601
407 22.93411200 4.05112799 0.00232601 B 63.20362000
408 29.62105800 4.13158600 0.00211602 B 73.15546999
409 33.99412200 4.11202098 0.00260200 B 76.07009300
410 28.75754397 5.20116501 0.00179000 B 58.89107400
411 28.63817901 5.04812200 0.00209300 B 68.36511299
412 29.49449301 3.93291202 0.00203500 B 75.55702602
413 25.18129398 6.54414899 0.00679601 B 67.12963700
414 23.57417002 7.65462097 0.00234501 B 68.63280799
415 30.54990398 3.90482700 0.00243599 B 75.50881800
416 26.68582299 4.56182600 0.00612100 B 73.49293400
417 23.53541800 4.52090800 0.00238101 B 65.96766599
418 30.31014901 4.03516099 0.00244699 B 81.34754200
419 23.72735200 6.99202000 0.00398202 B 60.67019998
420 30.57515301 5.99168398 0.00232202 B 64.73890101
421 30.46404399 4.72498100 0.00243800 B 74.90085502
422 32.51787601 4.17158898 0.00328998 B 95.06228199
423 26.56038402 3.98737300 0.01190000 B 88.61925601
424 29.33886598 4.35161398 0.00273398 B 85.85013298
425 30.28949001 4.04819200 0.00222601 B 86.45704601
426 26.85069499 6.91006801 0.00462501 B 89.50055201
427 30.43198501 4.03715501 0.00257499 B 81.31347701
428 31.50416099 4.05105299 0.00323702 B 84.67784899
429 30.43981100 4.16867499 0.00218800 B 89.29577499
430 25.75573602 6.08652801 0.00223398 B 83.46031400
431 24.50360201 4.15747799 0.00250299 B 89.43280100
432 26.69024299 4.07848501 0.00224900 B 88.85845999
433 28.78830300 4.15120201 0.00223299 B 89.70350298
434 25.34673800 6.22785502 0.00407299 B 88.55319602
435 31.87272602 3.92946202 0.00216000 B 89.29811101
436 30.34646600 3.97975300 0.00218602 B 87.62611699
437 26.15975199 3.95700501 0.00275599 B 83.14950499
438 24.89557699 4.39158798 0.00334001 B 71.55865600
439 29.62027799 5.49184100 0.00250901 B 63.48072502
440 33.34298899 3.86010401 0.00256501 B 71.76773000
441 30.24651602 3.87314698 0.00290398 B 71.95036099
442 28.31481499 6.54647598 0.00517102 B 68.42586200
443 24.47738199 6.44492800 0.00409700 B 68.21447500
444 25.68884799 3.83700902 0.00242199 B 87.27564799
445 32.83421102 4.22083199 0.00307101 B 88.76807001
446 28.73025602 4.42834999 0.00333699 B 79.02301301
447 30.69951499 3.87652198 0.00309499 B 75.23639500
448 25.12468799 5.41996901 0.00343699 B 63.11144400
449 27.63115498 5.72496999 0.00202502 B 64.95061898
450 31.05324801 4.40021802 0.00216797 B 62.71977199
451 27.80936801 4.60297501 0.00242400 B 74.51484600
452 29.85387100 3.64416998 0.00229900 B 71.88560499
453 28.17679502 6.23141302 0.00349301 B 66.49192801
454 29.18028098 4.15598199 0.00256900 B 62.72246002
455 24.63448900 3.88135199 0.00228701 B 77.11091000
456 28.69897400 6.78199797 0.00390000 B 62.65115199
457 28.94739798 5.53510600 0.00268800 B 65.67610602
458 33.28436700 3.79184601 0.00208500 B 73.88363298
459 32.13720501 3.60122998 0.00290200 B 72.37669401
460 31.18302900 5.04993298 0.00319499 B 65.70553401
461 32.09719699 3.71458201 0.00268701 B 74.50979602
462 26.41749798 5.06723800 0.00333600 B 70.86736101
463 29.72310601 3.73635202 0.00246800 B 65.12353299
464 33.08143801 4.00907599 0.00285800 B 71.85910598
465 29.22856002 3.63658101 0.00403001 B 69.19028799
466 24.25743800 4.52468797 0.00524701 B 70.37629100
467 27.68198799 4.74935700 0.00231201 B 58.08521400
468 25.73035200 6.43562299 0.00224399 B 66.40344198
469 23.77013199 4.09646300 0.00241603 B 60.93364002
470 30.45314399 3.61221100 0.00246899 B 59.97614900
471 30.15514099 3.54888701 0.00230601 B 71.81352199
472 31.83186200 3.70337800 0.00291900 B 72.08621601
473 29.72253299 5.48928298 0.00425402 B 64.62298002
474 30.57743699 3.76585202 0.00194900 B 81.20539400
475 31.58793002 5.89390501 0.00312601 B 64.63423901
476 25.68536199 5.76558200 0.00379098 B 62.74015500
477 25.49723201 5.54756599 0.00465900 B 60.43649901
478 27.49760199 5.82103300 0.00221000 B 66.07950601
479 30.81067998 3.73591899 0.00215598 B 73.12082002
480 29.68363001 3.59868401 0.00191299 B 74.22129801
481 26.92385801 5.90499502 0.00251600 B 64.43446400
482 25.38136000 5.55932400 0.00530499 B 61.71721502
483 32.49751101 4.06106800 0.00285701 B 62.30088000
484 32.54906699 6.44714799 0.00241701 B 68.69870599
485 29.62243202 4.00207701 0.00252901 B 72.82886299
486 31.35625200 5.96944202 0.00433999 B 64.17974600
487 24.42932600 5.75457700 0.00473001 B 64.01063901
488 27.91151300 5.67159100 0.00317898 B 56.46020602
489 25.36316199 6.99553499 0.00548500 B 65.73350602
490 26.81575101 5.75469399 0.00404799 B 63.07217298
491 25.49353000 3.69249401 0.00184900 B 60.01773299
492 25.94486199 5.34071200 0.00448700 B 65.20098200
493 24.00576998 6.18091002 0.00318501 B 66.26719399
494 23.51295899 6.22787600 0.00266999 B 61.58812300
495 30.80062100 3.52727997 0.00147600 B 61.97754500
496 26.09600499 9.45917898 0.00171302 B 61.50137199
497 26.66002099 6.24518801 0.00205499 B 55.75941398
498 25.22959097 5.94261099 0.00384101 B 64.37723900
499 24.96355301 5.20030200 0.00404401 B 65.88199703
500 28.96986599 4.86539098 0.00298300 B 63.17939700
501 31.93211701 3.60565798 0.00232202 B 70.17728500
502 30.03623700 3.60172498 0.00221501 B 71.88731499
503 30.52402500 5.78825999 0.01412898 B 65.13632199
504 32.24036601 4.22088100 0.00248599 B 61.70459901
505 28.55028000 4.44820800 0.00267097 B 63.26900001
506 33.91329700 3.68994399 0.00217900 B 72.97875901
507 34.83785299 4.09183698 0.00226698 B 70.74475798
508 27.21659298 5.59171801 0.00247799 B 64.13363700
509 27.65541000 3.92222000 0.00237001 B 63.34917402
510 30.87309300 3.59410199 0.00204399 B 67.58772698
511 32.18252101 3.61504601 0.00173599 B 73.14978901
512 31.62461199 4.70977501 0.00198701 B 63.52458399
513 25.77274101 3.85947601 0.00172900 B 61.04273899
514 26.93054499 6.98884801 0.00222001 B 62.20517799
515 29.14625601 4.10679998 0.00195400 B 64.11829498
516 27.59931402 3.62470699 0.00253401 B 68.09024600
517 31.29053599 3.50490399 0.00224001 B 73.14913100
518 26.03636298 4.61981300 0.00424599 B 67.38979500
519 29.07401000 4.80592699 0.00348999 B 56.23743500
520 26.45593998 6.41377902 0.00351301 B 66.41787000
521 25.84516001 3.60815699 0.00218998 B 59.13784201
522 25.03389801 4.69718999 0.00649400 B 68.15754800
523 29.94175602 5.21574501 0.00236800 B 60.93367800
524 27.35568699 6.46254400 0.00443801 B 62.77117899
525 26.35987100 6.74651199 0.00183299 B 56.29495799
526 24.85628199 7.80055902 0.00418199 B 65.60184300
527 28.09269101 5.15914999 0.00216399 B 59.20659399
528 28.48011401 3.73095900 0.00232799 B 69.33589099
529 30.14631700 3.71102098 0.00269501 B 71.12399998
530 28.74045301 3.79780901 0.00393900 B 65.77937401
531 32.21785300 4.95983701 0.00318198 B 62.75889702
532 30.49332902 5.44305198 0.00229699 B 63.56382801
533 34.07421801 3.74869700 0.00220802 B 72.40120700
534 27.73017000 3.94440501 0.01201901 B 69.06522301
535 24.80647800 4.85789200 0.00461700 B 66.84061800
536 33.02720902 3.99437800 0.01231901 B 55.94331498
537 26.06197901 6.36282400 0.00353498 B 64.31353802
538 29.79270500 5.28306302 0.00196800 B 55.15971797
539 24.31122202 7.22292400 0.00208101 B 65.52435001
540 25.51823898 5.96229298 0.00187699 B 58.49495099
541 28.34301899 5.78478901 0.00496302 B 60.04767702
542 28.25518302 5.93269998 0.00232700 B 59.85070401
543 31.71826698 5.19430501 0.00418600 B 62.96194400
544 29.66821901 5.24277901 0.00300998 B 60.37793701
545 30.99226698 3.92433399 0.00196599 B 56.30588203
546 32.36658403 3.91609699 0.00346199 B 76.84047500
547 25.47133900 3.83281699 0.00313899 B 74.35889301
548 24.92767200 7.30331999 0.00645901 B 69.58075898
549 31.62500399 3.78096898 0.00268602 B 79.55655298
550 32.48757398 3.82254503 0.00264100 B 63.68303101
551 31.95342701 3.83386199 0.00243599 B 65.61762100
552 30.40077101 3.87167800 0.00296600 B 70.94564100
553 27.04970300 5.81981099 0.00263800 B 66.08091900
554 29.75914598 4.61890298 0.00229399 B 66.81571499
555 31.27489600 3.64134199 0.00261801 B 71.31278797
556 32.92346201 4.84049099 0.00384499 B 79.37258799
557 32.18894301 3.73687202 0.00357398 B 73.54872100
558 27.04210399 3.70844599 0.00316801 B 66.86032598
559 31.35969801 4.38377800 0.00415501 B 66.92306200
560 33.94142800 3.57820501 0.00342500 B 76.13141200
561 26.80028099 6.04357800 0.00490498 B 61.99108801
562 30.86334301 5.66813201 0.00299601 B 63.87460502
563 26.53154099 3.72847199 0.00256600 B 87.97826202
564 34.45266798 3.75396400 0.00225200 B 91.82137001
565 26.91342600 3.91997499 0.00254801 B 81.52272800
566 33.41984100 3.67936702 0.00452899 B 89.57881699
567 27.63778198 3.64659401 0.00284999 B 86.96689800
568 29.39766899 3.83680800 0.00358198 B 88.37420400
569 32.56397299 3.89239300 0.00338999 B 90.31406601
570 28.14033700 3.78715002 0.00393498 B 83.25105300
571 27.82384600 3.79939101 0.00351301 B 86.45313000
572 35.22694999 3.83668698 0.00376700 B 86.85046399
573 31.26658802 4.26901798 0.00311498 B 90.75794500
574 30.87457200 4.67935301 0.00256198 B 88.67025102
575 26.98512698 4.19588402 0.00402599 B 129.11098299
576 43.83544400 5.37569300 0.00597001 B 94.27472999
577 28.81616101 5.61175501 0.00396001 B 85.12136698
578 27.51236802 3.71247600 0.00445300 B 96.32117802
579 48.20176799 5.17104901 0.00380600 B 91.08744201
580 36.74761800 4.85035998 0.00301999 B 95.19330799
581 36.22193000 3.82521001 0.00360099 B 91.15440899
582 31.59792302 3.72842501 0.00325599 B 87.87359102
583 38.48097601 3.70960301 0.00352200 B 82.42559899
584 34.85459401 3.65652502 0.00243599 B 87.74213601
585 32.26968998 3.66185198 0.00303501 B 86.29666700
586 25.82682800 3.54651600 0.00227999 B 72.18616400
587 30.85752900 3.57094299 0.00270401 B 74.20237499
588 28.34857901 4.52393899 0.00637700 B 64.90572702
589 27.25733802 5.95595801 0.00530999 B 65.99776799
590 27.23013400 4.96324201 0.00393300 B 64.90237798
591 30.18444701 3.64335399 0.00355599 B 68.92770500
592 33.36411502 3.67839000 0.00357299 B 69.59085699
593 35.28410700 5.18217499 0.00499201 B 58.60700700
594 27.56322699 5.47167001 0.00384400 B 64.48353102
595 29.87140798 4.67983400 0.00250700 B 56.59008102
596 27.09209401 8.23896000 0.00243500 B 62.17408000
597 29.82462800 4.42430397 0.00353699 B 60.90609398
598 28.21674399 6.84774501 0.00387401 B 66.74098803
599 28.17889000 3.58311200 0.00459200 B 73.44239298
600 31.79190902 3.56348601 0.00260898 B 71.57719598
601 26.35286900 6.37414600 0.00517900 B 62.80392999
602 25.79729800 3.65066301 0.00254801 B 62.93602000
603 31.87717599 3.60283101 0.00313701 B 61.63709701
604 30.85566702 3.61337501 0.00272298 B 59.79583799
605 31.91699300 4.13191100 0.00455600 B 53.77753801
606 27.56735098 5.32846400 0.00775300 B 49.86824701
607 33.08185301 3.68280400 0.00390800 B 57.15311499
608 28.89677798 3.64916099 0.00377401 B 54.08665800
609 34.68246499 3.61324500 0.00420801 B 56.98411900
610 30.07224802 3.70845798 0.00334400 B 51.41455398
611 34.35619900 3.63589800 0.00236701 B 48.79280200
612 32.24878700 3.77454900 0.00335998 B 55.18142899
613 35.49367000 3.75348798 0.00418100 B 48.35872501
614 31.92281499 5.35908702 0.00667400 B 53.56829401
615 36.81214500 5.44281700 0.00476500 B 46.15404800
616 32.86180698 3.56108099 0.00339700 B 58.92197599
617 31.46610799 3.60226200 0.00349799 B 58.02165001
618 33.23873901 3.59124498 0.00289702 B 51.17738902
619 34.86527901 3.71022799 0.00362800 B 57.60580100
620 31.06047402 3.77174999 0.00338702 B 55.42484499
621 30.09016300 3.72043400 0.00315902 B 48.91006599
622 33.08457698 4.51692601 0.00295302 B 49.84031600
623 30.05514501 5.24472998 0.00325701 B 50.14228600
624 32.63438802 3.64483998 0.00321100 B 55.00737499
625 32.33897500 3.63648601 0.00324100 B 53.16459201
626 30.77296898 3.56753299 0.00332601 B 72.40702101
627 29.19921401 5.28498899 0.00299403 B 58.94644500
628 29.11690401 5.51936097 0.00392299 B 63.88625700
629 29.55883500 3.66118998 0.00316300 B 59.51844799
630 34.96854100 3.76766102 0.00310002 B 61.95024101
631 33.07977400 3.64534601 0.00307101 B 69.87532499
632 38.22728698 5.10296799 0.00633401 B 59.81015300
633 33.32940102 4.80547000 0.00428103 B 62.93553201
634 27.87230999 5.84071298 0.00325599 B 61.79140101
635 33.67283198 3.78926500 0.00327799 B 60.86529099
636 32.43311000 3.81607001 0.00280299 B 48.41447499
637 29.39527301 5.60339098 0.00305401 B 50.32303900
638 33.56569301 5.25261799 0.00623701 B 53.04964900
639 34.08587701 3.94020800 0.00292601 B 56.79421901
640 33.88431398 3.67874402 0.00261798 B 56.61545898
641 32.95200900 3.67583000 0.00312799 B 55.57858502
642 31.83869697 3.77044399 0.00307203 B 51.18421101
643 32.80660301 3.69975501 0.00305002 B 45.91791800
644 32.48779502 4.75575001 0.00347701 B 48.08077699
645 31.67216701 3.73737302 0.00537900 B 51.83836800
646 32.07266500 3.66532098 0.00318998 B 55.85007300
647 32.88903600 3.74953600 0.00339901 B 52.50567500
648 32.23693901 3.68708902 0.00284301 B 48.76275500
649 33.88963101 3.94364202 0.00339199 B 48.80846001
650 26.73087097 6.28905601 0.00445501 B 53.53756901
651 32.21822600 3.75046901 0.00581899 B 57.97322799
652 33.81981398 4.44086600 0.00346798 B 55.97483099
653 32.52212401 3.50820899 0.00214999 B 58.67502198
654 31.95642098 3.64590102 0.00351202 B 52.43769399
655 34.17613998 3.63101400 0.00354002 B 51.74763201
656 30.48027301 3.54706799 0.00244501 B 53.24048502
657 34.61562301 3.69227800 0.00310899 B 52.89968100
658 32.05551399 3.66602701 0.00286198 B 50.60552899
659 30.47907402 3.72627098 0.00224001 B 46.19283200
660 30.85994499 5.02172200 0.00537798 B 50.57819400
661 32.62749300 3.75968500 0.00273602 B 56.91946499
662 33.46592301 3.82558099 0.00335099 B 54.51326398
663 35.85047700 3.82727000 0.00307901 B 57.68727002
664 33.34158100 3.81360899 0.00249103 B 56.76452399
665 32.05798700 3.91337799 0.00303800 B 58.64949600
666 30.13454602 5.63597199 0.00285701 B 57.56939700
667 32.31204799 3.97149500 0.00315602 B 58.80424901
668 31.46215298 3.95881900 0.00362401 B 39.29265699
669 29.01325800 8.07321400 0.00378900 B 31.33083798
670 31.79153102 4.14109000 0.00274600 B 31.29267000
671 33.58981499 4.02779100 0.00286000 B 37.01469902
672 32.39499201 5.86537801 0.00326498 B 35.22995999
673 33.15815600 3.99600100 0.00289900 B 36.75657400
674 31.72595499 6.29072200 0.00533802 B 36.84161199
675 36.91760902 4.08668100 0.00252901 B 40.65132901
676 32.54444600 6.56433700 0.00288300 B 34.69006700
677 35.19934101 3.92137503 0.00279202 B 39.47658002
678 33.12145101 5.31126300 0.00223098 B 36.15226300
679 35.59176400 4.17556099 0.00370000 B 41.26254201
680 32.66209899 4.09531998 0.00278399 B 44.02199099
681 34.95959999 4.12647999 0.00305002 B 40.08202700
682 31.65402700 3.96175199 0.00263299 B 37.49939901
683 36.75404302 4.05174601 0.00251000 B 40.35105300
684 36.88832099 3.97028399 0.00260799 B 33.68118699
685 37.74911299 4.45915901 0.00504000 B 42.39213199
686 34.37848101 3.96492699 0.00286600 B 35.86070900
687 34.73456099 4.01484099 0.00313800 B 41.61839501
688 33.62234199 5.78704302 0.00667199 B 40.07524002
689 30.98717102 3.93318100 0.00318699 B 37.00179100
690 29.67585201 8.11089299 0.01233298 B 50.08642600
691 31.61269199 5.92147000 0.00682200 B 54.51562398
692 31.74758001 5.35348200 0.00531698 B 52.99618500
693 34.89616999 3.97054301 0.01322001 B 60.11007700
694 28.06724000 5.98286901 0.00384299 B 83.94162101
695 33.18735299 4.08044999 0.00364799 B 65.26253198
696 28.33505502 5.79369001 0.00760600 B 45.29991798
697 30.50991299 4.11532202 0.00381999 B 39.92775100
698 27.80303900 6.50751698 0.00478100 B 36.53918899
699 30.91949300 3.92674698 0.00229100 B 57.32850102
700 32.16952601 4.15892701 0.00248401 B 60.27450701
701 29.12076502 4.54407200 0.00222502 B 53.98856400
702 31.48852999 4.03897400 0.00275398 B 49.99665500
703 31.51443900 4.65780700 0.00226201 B 38.48559503
704 30.71391399 7.26421300 0.00474299 B 66.51093898
705 28.96642403 5.86328501 0.00299799 B 63.85501899
706 32.37261099 3.80025199 0.00239199 B 70.61780899
707 33.53208900 3.82593900 0.00285200 B 69.12734802
708 30.47968503 5.53614899 0.00343900 B 67.34173000
709 27.18789101 3.79202102 0.00242301 B 63.36861901
710 29.67660199 5.43235600 0.00333102 B 66.64858499
711 35.02193000 3.79758299 0.00272100 B 72.56640898
712 32.33962200 6.23546200 0.00557103 B 61.25031901
713 29.28762400 5.07120101 0.00325698 B 66.36947600
714 33.24896801 3.70613000 0.00176299 B 68.28777099
715 28.95767300 3.80439599 0.00223500 B 66.22553500
716 28.51746499 3.62321700 0.00145301 B 71.12377702
717 25.20113401 7.24502400 0.00176800 B 61.21212500
718 25.78525801 6.53545998 0.00177199 B 66.09954400
719 26.12730599 3.55125501 0.00197801 B 61.78494700
720 29.43582300 7.64381199 0.00291702 B 64.58780402
721 34.41493300 3.71375799 0.00244600 B 72.38635598
722 30.08742598 4.27515901 0.00417299 B 64.37236202
723 36.13467500 5.37837902 0.00183200 B 61.36293200
724 32.32122899 3.93723801 0.00232301 B 60.01226002
725 32.56172300 3.50618799 0.00176701 B 69.93735401
726 31.54076502 3.82443299 0.00154902 B 71.66081501
727 29.21327599 6.08942102 0.00425000 B 60.00048702
728 26.69128400 5.08217499 0.00256300 B 59.90620499
729 32.24299499 5.21704199 0.00251699 B 64.34673301
730 27.72795298 5.69131400 0.00510502 B 62.26569100
731 26.06318600 3.74683199 0.00244501 B 60.83718900
732 29.45098502 5.81233000 0.00288800 B 55.77368700
733 26.85554899 5.34349401 0.00445600 B 67.28877200
734 26.13896001 3.58950099 0.00212199 B 61.72564399
735 31.67319600 3.81581398 0.00316501 B 69.70251299
736 31.64399698 3.79072898 0.00309100 B 69.91362799
737 29.39690903 4.43964399 0.00230499 B 68.84121298
738 27.63966101 5.77466501 0.00200799 B 61.78537500
739 26.23753302 6.61087901 0.00186500 B 56.01723198
740 32.31382399 5.28406599 0.00245500 B 63.44113598
741 27.57492498 4.90160298 0.00312598 B 60.76700400
742 31.73741302 4.05373599 0.00292700 B 61.11720600
743 31.37334299 4.96761099 0.00261801 B 59.57094402
744 28.67948799 5.30489298 0.00210397 B 67.27030998
745 31.75094601 3.78682898 0.00192298 B 71.01364998
746 27.94368600 3.78141098 0.00299898 B 69.93291300
747 30.55515201 5.92646902 0.00246501 B 63.86672001
748 34.42330202 3.85736700 0.00234001 B 63.71165797
749 30.23779800 4.02438600 0.00288902 B 72.83721000
750 31.15607300 4.91810401 0.00630299 B 62.20850899
751 33.53939700 6.21602498 0.00257100 B 60.82000400
752 24.50890202 6.68900099 0.00218602 B 62.61266701
753 26.62776102 7.05536598 0.00220802 B 65.00417602
754 31.91054301 3.75721199 0.00221602 B 70.04035401
755 29.94234799 3.79381800 0.00211399 B 71.82412999
756 25.45781899 9.00074499 0.00163898 B 59.49720999
757 25.91750899 7.93708098 0.00360500 B 64.66695201
758 25.80398298 3.81328698 0.00327101 B 63.49451400
759 29.12288901 3.78431100 0.00189699 B 70.90043701
760 38.03595700 5.05747501 0.00292601 B 64.54601901
761 25.60623101 5.23612901 0.00598899 B 64.39769099
762 29.17159401 5.64983100 0.00280800 B 62.80292501
763 27.15199601 5.66251599 0.00262799 B 60.20076500
764 30.47225700 5.43911901 0.00286699 B 58.60927500
765 25.49621099 6.72065601 0.00402899 B 65.23308301
766 24.86993701 6.10862399 0.00477099 B 61.11374000
767 25.96119200 6.13459901 0.00434800 B 58.53643102
768 29.00851300 6.13682801 0.00345701 B 63.51182901
769 31.01837600 5.95890600 0.00251201 B 55.68711701
770 24.30335199 7.08238600 0.00422201 B 64.79488299
771 24.80129400 3.87101501 0.00220101 B 59.44652998
772 27.11046601 6.89795398 0.00395201 B 66.17307902
773 25.84264299 7.49735101 0.00206500 B 63.67209001
774 26.42269799 7.41794801 0.00328300 B 57.53801501
775 31.58999598 3.83017998 0.00196300 B 62.99888901
776 29.88425602 3.70605598 0.00159000 B 58.05589800
777 31.02795698 3.77537301 0.00181200 B 53.19186498
778 26.45056002 3.79061900 0.00208098 B 47.00222501
779 27.69671200 5.61257498 0.00642499 B 50.09454302
780 30.68596098 3.79173199 0.00211698 B 52.62325201
781 32.97911899 3.74638601 0.00314100 B 55.92200998
782 27.18676600 3.76816100 0.00290599 B 45.87452300
783 23.94640600 5.65050199 0.00530900 B 53.94327000
784 29.18448302 3.77715100 0.00302002 B 54.33083102
785 27.56634902 3.75504699 0.00269501 B 47.31338099
786 23.08569101 7.09343600 0.00431301 B 42.05898399
787 30.72032798 3.85360300 0.00253599 B 34.47582398
788 29.96221802 3.86144398 0.00264702 B 35.00827000
789 30.70927801 5.73258899 0.00194099 B 34.96925300
790 27.61655900 3.89322900 0.00272601 B 33.31034302
791 29.88866300 3.88229400 0.00254801 B 34.05747301
792 32.59657402 4.17457600 0.00453100 B 34.80431499
793 27.96871201 4.31513099 0.00309100 B 29.63899600
794 29.12511199 3.89507599 0.00271600 B 30.27403101
795 28.41160100 3.96748702 0.00247001 B 32.14994600
796 30.47957100 3.94672900 0.00260302 B 34.27171300
797 27.66694498 4.97893401 0.00530999 B 36.12401002
798 28.71727201 3.89651500 0.00263500 B 36.80815900
799 30.29404802 3.82977401 0.00305701 B 31.49963802
800 29.65211801 3.78485100 0.00254900 B 35.56997899
801 31.32603399 5.83991699 0.00466299 B 32.71098298
802 32.14507599 3.92168300 0.00281000 B 31.51742902
803 31.23505900 3.95659200 0.00278201 B 36.63906502
804 26.41584599 5.33596199 0.00412398 B 30.19784699
805 23.88036801 5.58849098 0.00539300 B 35.04473998
806 28.67744499 4.07495297 0.00293000 B 31.27576600
807 28.67235601 3.97144697 0.00332401 B 31.01027399
808 34.19525101 4.68088599 0.00300500 B 37.53503299
809 24.62521801 5.81186698 0.00475600 B 30.75423100
810 30.87357499 3.92796402 0.00223701 B 33.31158799
811 27.80101198 3.96879701 0.00274699 B 34.46868798
812 29.66444299 3.96038801 0.00419299 B 33.54089099
813 27.83398400 5.45798201 0.00278198 B 30.71355898
814 27.90335999 3.90701302 0.00262598 B 29.16543899
815 27.65665200 3.78412398 0.00231099 B 31.80950400
816 31.93240499 4.03471099 0.00314700 B 34.62044700
817 27.33321401 4.04331501 0.00599501 B 35.27345799
818 28.17465799 3.90473200 0.00288698 B 30.47891700
819 30.91165001 3.91980898 0.00296600 B 32.67910299
820 28.91286800 3.93159498 0.00357500 B 37.85956898
821 24.54390301 4.89821800 0.00484000 B 34.83548498
822 27.15566798 3.80233899 0.00255799 B 27.29953401
823 27.56852799 3.92955801 0.00359700 B 32.57441500
824 30.80059099 3.95091600 0.00279900 B 32.36685001
825 29.86589499 3.88344098 0.00313402 B 36.05383699
826 26.48994498 6.75937801 0.00411199 B 33.45857901
827 26.50156600 3.91934198 0.00261000 B 32.77166400
828 29.47827798 4.03860098 0.00350102 B 31.05125899
829 31.62194201 4.04870301 0.00222700 B 34.92214798
830 27.30183600 6.17754800 0.00285200 B 33.36521500
831 27.46643801 5.15226700 0.00311001 B 31.60442799
832 27.99885400 3.78212298 0.00240802 B 30.39113499
833 29.39858200 3.92674701 0.00276198 B 35.78185898
834 27.89529800 5.36089699 0.00814302 B 34.12724601
835 27.97557699 3.95318700 0.00196398 B 36.24463300
836 28.10394001 3.88124998 0.00232900 B 33.19206502
837 27.32481802 3.83706100 0.00183602 B 37.77809200
838 23.79299302 4.62073099 0.00198500 B 32.78764099
839 26.28821300 7.05468500 0.00528700 B 33.44335701
840 29.09679801 3.94617001 0.00230700 B 31.28076601
841 31.92691901 3.82623600 0.00252799 B 32.44541198
842 25.68113399 3.92860698 0.00297700 B 39.52717702
843 26.29802399 3.88651501 0.00280599 B 31.46657901
844 28.41689400 3.89895501 0.00202502 C 14.91688998
845 24.07363799 5.80409600 0.00437303 C 17.61986301
846 25.44743000 3.94876601 0.00256801 B 34.73558900
847 22.58502299 5.12064400 0.00251099 B 41.17591301
848 27.14266698 3.87965300 0.00240700 B 32.70138998
849 27.64245999 3.97526001 0.00236102 B 33.91297601
850 28.04085900 3.91360198 0.00259202 B 34.36219000
851 23.18367999 4.57147602 0.00272100 B 31.62232297
852 28.91351801 4.49734001 0.00228401 B 29.94492801
853 29.09789598 3.89193802 0.00217801 B 30.20540898
854 31.05251398 4.21424399 0.00214801 B 31.04216899
855 29.12158301 3.84763401 0.00242100 B 34.37501998
856 26.88222702 4.77374901 0.00534899 B 30.86519401
857 26.23379201 5.41622000 0.00358000 B 30.86518700
858 28.54216300 4.40678000 0.00265302 B 31.04473901
859 28.40778101 3.94662202 0.00304001 B 30.13326699
860 27.10997401 4.43920700 0.00291198 B 33.20053199
861 31.50301302 3.91132201 0.00342200 B 35.59734701
862 22.46800100 3.85297200 0.00124899 C 17.51111599
863 28.93047599 3.97056399 0.00360800 B 30.90441399
864 28.68321299 3.98176999 0.00224600 C 17.31326501
865 26.93809598 3.88253498 0.00216201 B 31.91753398
866 31.06637401 4.01871500 0.00251699 B 36.10082401
867 26.16938500 5.36376302 0.00511701 B 31.49164902
868 32.16562100 3.63573799 0.00192001 B 29.22419002
869 27.32047901 3.76029301 0.00202999 B 32.39736700
870 29.28610501 3.72742000 0.00202001 B 31.24657497
871 29.67203400 3.77464000 0.00135700 C 17.92662599
872 24.01327601 3.81942699 0.00216698 B 31.76249401
873 26.11648999 3.74621298 0.00201300 B 29.65709800
874 27.57239901 3.81574398 0.00096401 C 20.55410400
875 31.11666301 3.77976100 0.00213602 B 31.34781201
876 29.70966100 3.78480699 0.00133200 C 18.34751799
877 30.75914399 3.79929700 0.00256399 B 31.84663702
878 31.45594601 5.03761301 0.00340599 C 16.80633699
879 31.06000199 3.84986700 0.00286201 B 37.66752800
880 24.48672801 5.65913002 0.00170499 C 15.85811700
881 23.06305600 3.84921301 0.00154899 C 17.33518601
882 29.33543199 3.72877897 0.00170202 C 15.34137601
883 31.23261200 3.66084202 0.00149600 C 14.61667102
884 25.72607601 5.79702100 0.00136701 C 17.50998001
885 27.89240502 4.07906002 0.00167199 C 17.76534901
886 31.22185898 3.62984400 0.00136599 C 18.14395501
887 30.48078401 3.69570000 0.00131800 C 19.71528100
888 30.40823899 3.75971998 0.00118700 C 15.86324800
889 30.41941399 3.76846001 0.00096401 C 14.92078701
890 29.80915902 3.77832298 0.00163700 C 14.82081600
891 29.72638200 4.92157898 0.00236501 C 15.44950099
892 26.44433500 3.81601200 0.00298198 C 19.70018499
893 22.42544200 3.74487700 0.00188602 C 16.65645000
894 31.39200900 3.76404900 0.00110199 C 15.58032603
895 30.34836901 3.83822902 0.00228200 C 14.92727100
896 23.81971999 5.55661798 0.00240601 C 16.72838099
897 27.98418101 3.82738002 0.00290299 B 37.76001799
898 26.45707998 4.45120200 0.00196102 C 15.59403201
899 27.01394199 4.11164601 0.00183901 C 18.20858300
900 23.20602399 3.56867001 0.00175502 C 16.52117699
901 30.28886800 3.70376700 0.00176701 C 14.56064501
902 30.27749801 4.70582501 0.00137900 C 15.62635999
903 27.54402999 5.38537998 0.00157900 C 15.12921599
904 22.95108198 3.67999700 0.00129500 C 18.03185701
905 32.57577200 4.18816501 0.00179000 C 19.06016198
906 29.05674101 3.68542798 0.00122699 C 18.24485400
907 32.08015201 3.77195099 0.00158101 C 16.51705900
908 30.44718699 3.75009602 0.00133400 C 14.70158200
909 27.42349502 3.85765900 0.00146302 C 15.87068301
910 23.61345899 4.51876002 0.00254600 C 17.06615501
911 29.41683101 3.71542800 0.00142900 C 17.27587299
912 30.49842801 3.70715500 0.00140999 C 16.09394999
913 30.18909501 3.78263200 0.00121701 C 14.94557300
914 32.74875501 3.69261202 0.00163200 C 15.09390300
915 24.18396799 5.40513601 0.00133898 C 16.59445500
916 27.05636600 3.79137299 0.00149201 C 18.79954399
917 30.56308502 3.72605000 0.00092201 C 18.93609102
918 30.09733499 3.55894500 0.00091601 C 17.25383999
919 29.98176802 3.71081301 0.00158901 C 14.63462700
920 25.49592301 5.11738201 0.00135001 C 18.06359700
921 26.19435999 4.53081800 0.00147999 C 17.16404298
922 24.08028202 3.71239299 0.00182600 C 16.36979298
923 31.20748900 3.69018700 0.00089101 C 14.80459198
924 29.41975399 3.69268298 0.00125400 C 15.01116398
925 26.01527199 5.57035999 0.00241699 C 16.37732700
926 28.40922601 3.77186501 0.00155900 C 18.15189098
927 29.85481799 3.72663498 0.00171099 C 19.75192101
928 28.94618799 3.71928801 0.00131800 C 16.58534800
929 31.54094299 3.73667100 0.00143502 C 14.98739500
930 33.08912602 3.72084201 0.00097600 C 15.17678300
931 27.99374200 3.72949798 0.00106700 C 16.99591099
932 22.87805500 3.78917000 0.00227301 C 20.47978499
933 31.77074698 4.41061900 0.00264400 C 20.07526602
934 29.89722701 3.64517499 0.00151098 C 18.05449801
935 29.74677001 3.74202299 0.00138301 C 17.79996799
936 30.56669299 3.80260500 0.00142000 C 15.28422500
937 27.33575099 5.39894201 0.00170001 C 14.91952600
938 25.94841199 6.61681499 0.00104899 C 16.00640902
939 26.79597400 6.28635200 0.00284400 C 16.23788598
940 26.63331700 3.84323698 0.00158098 C 18.54144302
941 23.34967200 3.73761798 0.00191800 C 18.52791401
942 30.78895900 3.72913200 0.00093601 C 15.04153101
943 32.51961901 3.78548901 0.00156701 C 15.03794899
944 27.26596600 5.24881500 0.00176401 C 14.83572501
945 22.89943598 3.75554600 0.00127399 C 18.03895400
946 29.32221501 3.66917401 0.00140700 C 18.73232902
947 24.09817401 3.75979400 0.00168799 C 14.96602999
948 28.87559400 5.14046100 0.00277301 C 15.17184099
949 27.78075699 4.65881900 0.00405702 C 17.30859600
950 22.78513298 3.62621702 0.00124902 C 17.79553300
951 31.36047901 3.64946900 0.00139300 C 14.96424701
952 29.73815598 3.62693300 0.00093502 C 15.13175698
953 27.07883500 4.53942802 0.00217502 C 15.91471102
954 27.09314899 3.77654500 0.00144402 C 15.31420500
955 29.30409700 3.67699302 0.00151101 C 16.52978500
956 30.59158099 3.69908899 0.00149600 C 15.37795601
957 29.81844000 3.70990401 0.00143400 C 14.68920399
958 28.40541300 4.76627299 0.00216399 C 15.58840700
959 25.46373999 4.77468802 0.00351699 C 16.78750201
960 23.65161199 3.74657600 0.00122000 C 16.48542599
961 30.61816099 3.70779799 0.00085900 C 18.45809899
962 30.07168201 3.82265699 0.00120301 C 15.43292101
963 29.53226899 3.75274301 0.00124000 C 14.91526701
964 23.25982100 6.96436100 0.00223701 C 16.18586099
965 28.83580403 3.65440402 0.00136902 C 17.98727701
966 28.51134399 3.69940099 0.00140202 C 16.48681701
967 28.72725500 3.71327798 0.00146800 C 14.88380498
968 28.89368901 4.20520699 0.00152100 C 16.50973101
969 26.41855500 6.69087499 0.00221599 C 16.43077200
970 28.42972902 3.74340601 0.00141698 C 18.14002299
971 28.61694002 3.72235500 0.00141800 C 16.05162502
972 30.17264701 4.06998702 0.00101101 C 14.59352201
973 31.78827200 3.74844400 0.00076901 C 14.55511301
974 31.60385901 4.95316202 0.00144402 C 14.44722299
975 24.14871799 3.85071899 0.00174501 C 17.91828801
976 23.62115201 3.77885500 0.00111500 C 16.22759702
977 29.26842100 3.68652598 0.00159699 C 14.75526602
978 28.24630201 5.23959502 0.00112399 C 14.48019000
979 25.34883001 4.68561600 0.00356900 C 18.02435500
980 29.38097500 3.78505301 0.00177202 C 18.24868101
981 28.71499400 3.78055102 0.00169899 C 16.11625202
982 29.90225100 3.83410000 0.00091898 C 14.70047500
983 28.75731399 3.94792101 0.00178200 C 15.07089200
984 25.00008899 6.36716597 0.00250700 C 16.31009500
985 29.87129899 3.78551299 0.00161899 C 17.94615001
986 28.81068402 3.80669700 0.00149000 C 16.88261802
987 30.38181301 3.72794000 0.00173599 C 15.24877900
988 30.51021599 3.82550698 0.00103802 C 15.30890499
989 28.32520800 5.05944202 0.00114201 C 15.41194698
990 25.57414401 7.08487499 0.01680100 C 16.87537701
991 24.09505402 3.76953802 0.00151098 C 17.62422398
992 29.85994201 3.55175900 0.00098400 C 18.05625300
993 30.37076202 3.81699001 0.00184801 C 15.28986800
994 28.03415700 3.89284801 0.00187900 C 15.17816001
995 23.37324302 5.46508300 0.00235299 C 16.39534300
996 27.69272000 3.75489102 0.00142000 C 17.15377800
997 27.29672400 3.77695201 0.00152702 C 15.66914699
998 29.17571401 3.74228798 0.00220202 C 14.99342098
999 29.07916799 4.30040900 0.00160601 C 14.77896399
1000 25.91813999 5.05378400 0.00301699 C 16.55442000
1001 30.44235098 3.93888701 0.00351900 C 19.03547498
1002 30.15953099 3.80549999 0.00136701 C 17.78692802
1003 28.97636499 3.79110899 0.00143200 C 15.46440998
1004 30.34348300 3.69550200 0.00168098 C 14.55246701
1005 27.42587301 4.86303802 0.00208901 C 15.47301101
1006 24.14463600 6.42240999 0.00196800 C 16.31708699
1007 22.95725499 3.71535402 0.00164201 C 16.57650800
1008 31.09672701 3.65419601 0.00134099 C 15.10287198
1009 31.51577801 4.09514300 0.00116698 C 15.36199899
1010 27.78795100 5.05452999 0.00163200 C 15.11802201
1011 23.79783301 3.74583501 0.00143799 C 17.00807500
1012 28.65726699 3.71208400 0.00117402 C 16.67454900
1013 31.75828801 3.70241402 0.00150199 C 14.89533400
1014 32.00602299 3.90378002 0.00182100 C 14.70101799
1015 27.63419499 4.76268400 0.00168700 C 15.23979800
1016 25.80751199 3.64726002 0.00124899 C 23.72629801
1017 29.80549398 3.84546799 0.00269100 C 17.95384099
1018 29.39102100 3.71712199 0.00165100 C 17.96307700
1019 30.82010700 3.70872900 0.00149800 C 16.57186801
1020 30.10108400 3.73100801 0.00132501 C 15.35744299
1021 29.91982602 3.72030798 0.00140601 C 15.12689699
1022 22.98112900 6.76548301 0.00216599 C 16.71514098
1023 22.63869200 3.70818097 0.00084299 C 18.78233999
1024 30.32006801 3.62321601 0.00142600 C 15.47532500
1025 28.99202399 3.69613399 0.00141701 C 14.67735300
1026 25.92574799 4.94401500 0.00167501 C 17.18710500
1027 25.07257601 4.10473903 0.00191000 C 17.22363199
1028 29.94731499 3.77400301 0.00177900 C 17.69339101
1029 30.10215503 3.70275701 0.00129300 C 15.04620901
1030 27.91921701 4.08354800 0.00170700 C 14.52464599
1031 25.06670399 6.77144600 0.00305200 C 15.91344399
1032 22.75988201 3.70262499 0.00160502 C 16.63334601
1033 28.54020402 3.77876600 0.00186000 C 14.77106599
1034 26.87290698 6.29470299 0.00122702 C 14.94468001
1035 23.51405300 4.81224302 0.00206399 C 16.82152500
1036 28.24265600 3.67448101 0.00162300 C 19.59779902
1037 29.73191798 3.71310202 0.00139402 C 17.16080398
1038 31.77659999 3.62310398 0.00145202 C 15.20593700
1039 30.09264500 3.65461601 0.00122501 C 15.05779300
1040 28.33571300 5.50176500 0.00164498 C 15.03158198
1041 25.02973299 4.26386797 0.00217999 C 17.39828099
1042 29.64094299 3.78062899 0.00147900 C 17.66590698
1043 29.47890601 3.73150999 0.00163401 C 15.30698899
1044 28.49120001 3.78797101 0.00173200 C 15.47121201
1045 23.78689998 5.72824702 0.00291798 C 16.96430001
1046 28.23593502 4.54573499 0.00195502 C 18.43801301
1047 23.35902301 3.76743800 0.00151899 C 16.64603100
1048 29.51125900 3.97337400 0.00164198 C 14.82998801
1049 31.28847401 3.67791398 0.00147699 C 14.99872300
1050 25.19878198 5.32195801 0.00144800 C 15.67087800
1051 29.08663801 3.61936601 0.00101700 C 18.88404400
1052 29.66458900 3.79414103 0.00160100 C 18.06589300
1053 30.05164702 3.62676100 0.00135601 C 18.39397699
1054 29.32386301 3.81405398 0.00175499 C 15.08665201
1055 32.09426100 3.84741201 0.00199399 C 14.78634900
1056 32.64088999 4.52747100 0.00167100 C 14.45635399
1057 23.59707601 3.65034200 0.00178500 C 17.58390499
1058 28.72279100 3.75390300 0.00155900 C 17.52045800
1059 31.43363801 3.73595799 0.00143700 C 15.68540500
1060 30.46223501 3.79271002 0.00199399 C 15.12003900
1061 25.57795701 5.17624299 0.00200499 C 16.24827599
1062 25.99684201 4.25580100 0.00193500 C 18.57804801
1063 23.16092298 3.76432802 0.00113301 C 17.68319300
1064 32.44058302 3.78888100 0.00164899 C 15.24137400
1065 30.81165699 3.76683302 0.00173599 C 15.44055701
1066 25.66312201 5.23456201 0.00251600 C 15.91791399
1067 27.18990299 5.02092199 0.00178401 C 17.88471499
1068 29.23164499 3.78140400 0.00163302 C 20.01546402
1069 29.49754198 3.75433199 0.00154899 C 16.64905099
1070 31.16026800 3.72282302 0.00160999 C 14.86640298
1071 29.23995498 3.82481501 0.00107798 C 14.92909002
1072 24.87244498 5.73475799 0.01200000 C 16.91742701
1073 29.73011899 4.25927399 0.00132201 C 17.73798998
1074 29.17068699 3.76867701 0.00207001 C 17.88729499
1075 28.18865702 3.80652800 0.00172600 C 16.33343400
1076 29.97894702 3.89932198 0.00147300 C 14.90022102
1077 31.52765700 3.78373699 0.00151500 C 15.21629098
1078 23.63459501 5.45399298 0.00169300 C 16.68824701
1079 23.36729900 3.92867503 0.00172399 C 19.62662599
1080 31.15799901 3.85172298 0.00172900 C 16.68105600
1081 30.70291301 3.80703498 0.00192501 C 15.19215401
1082 28.41684900 3.94391301 0.00191000 C 15.62047700
1083 22.96182700 5.28727201 0.00268299 C 16.93051800
1084 28.76153900 3.76176901 0.00148700 C 20.76497299
1085 22.89162599 3.78759400 0.00140403 C 17.76481300
1086 31.50519298 3.81482899 0.00146698 C 15.39760700
1087 31.85565901 3.92877401 0.00185799 C 14.65115001
1088 25.83573200 5.33830500 0.00180700 C 15.35072201
1089 26.91399498 3.94065099 0.00247400 C 17.66414600
1090 30.41727899 3.78182600 0.00180100 C 17.65296902
1091 31.04675899 3.88618000 0.00199300 C 16.09871601
1092 28.80786802 4.04939102 0.00212403 C 15.09915400
1093 28.03532401 4.69274100 0.00122102 C 14.56981100
1094 25.27531801 6.16582099 0.00296999 C 17.27449300
1095 23.09467702 3.80014200 0.00180001 C 19.81489899
1096 29.78193900 3.69254500 0.00105100 C 17.18473900
1097 30.14460398 3.82896702 0.00163398 C 15.00379399
1098 31.74483500 3.97549602 0.00116398 C 14.60051598
1099 25.60560498 6.27381101 0.00302601 C 17.19510302
1100 23.00620099 3.84547201 0.00112201 C 20.45564802
1101 30.32958900 3.70735800 0.00123202 C 17.29213199
1102 30.17939400 3.77634302 0.00110600 C 15.28779601
1103 31.42204799 3.84746300 0.00163601 C 14.54783202
1104 27.34415099 4.58984700 0.00180001 C 15.12918298
1105 25.05539000 6.99388402 0.00290401 C 16.58425602
1106 23.14662701 3.82896600 0.00174402 C 17.37386698
1107 29.65072999 3.88605500 0.00152399 C 15.81237299
1108 29.81469300 3.75902999 0.00088700 C 14.84172902
1109 27.23136800 5.19487399 0.00179000 C 15.49296500
1110 27.06531898 4.18760101 0.00311100 C 18.04453501
1111 28.14477601 3.87864301 0.00187301 C 20.87743298
1112 29.88661698 3.83958800 0.00114401 C 19.66876801
1113 29.84219597 3.82433401 0.00193799 C 15.36226700
1114 32.70192601 4.08477499 0.00157900 C 15.25889599
1115 31.84402300 3.79084601 0.00164198 C 14.90602701
1116 27.78763801 3.99135900 0.00216201 C 15.86333301
1117 23.34286898 6.48465799 0.00309400 C 17.50688901
1118 27.89018201 3.81273401 0.00215200 C 18.15999800
1119 30.04498701 3.73735500 0.00116401 C 17.29317300
1120 30.52101500 3.81634198 0.00186698 C 15.43966500
1121 29.32890700 3.84035101 0.00181998 C 15.06504699
1122 24.66336501 5.62303801 0.00144198 C 15.90801700
1123 28.63860200 3.80010699 0.00106602 C 18.09084299
1124 30.64592401 3.81754202 0.00104899 C 19.97335802
1125 29.15399699 3.68902399 0.00155900 C 19.09034999
1126 29.93311197 3.88859899 0.00206000 C 15.25937600
1127 30.99475900 3.62602199 0.00153499 C 15.11079402
1128 32.58763900 3.70963299 0.00203997 C 15.14059000
1129 25.54749002 6.10423699 0.00176701 C 15.90979000
1130 28.55253901 4.78389999 0.00452998 C 17.21192899
1131 29.53007800 3.72232500 0.00162801 C 17.74614098
1132 33.65226800 3.82039501 0.00182699 C 17.81718698
1133 29.77020401 3.82494199 0.00176599 C 17.34082098
1134 30.57468400 3.68993499 0.00189801 C 15.00227800
1135 31.94621298 3.83578401 0.00192600 C 14.93299898
1136 25.72707398 5.88647602 0.00300200 C 16.13513802
1137 27.13261198 5.42407800 0.00317500 C 17.30749899
1138 23.72985802 3.81863900 0.00177702 C 16.77374801
1139 29.10363601 3.73329100 0.00103901 C 14.79321299
1140 26.90301000 4.94230600 0.00088601 C 14.75330401
1141 23.35436401 6.61694800 0.00172501 C 16.43324300
1142 27.90361899 3.82744501 0.00170799 C 20.11566400
1143 29.53296702 3.73526901 0.00150900 C 18.65074001
1144 28.93305398 3.80320699 0.00181003 C 15.03476698
1145 29.31966999 3.76402502 0.00104198 C 15.02895798
1146 23.29005502 7.01172400 0.00297601 C 16.59836300
1147 23.21015400 3.81924701 0.00201102 C 17.59231201
1148 31.93531302 3.66250001 0.00109200 C 17.53828800
1149 32.05452999 3.79335301 0.00152201 C 15.35754101
1150 30.50552399 3.71574200 0.00100699 C 14.61635801
1151 27.13137201 5.51977102 0.00164699 C 16.87487500
1152 25.00678800 4.57201898 0.00184798 C 17.51367800
1153 24.38343997 3.76116499 0.00220299 C 19.02114198
1154 31.32600998 3.91004200 0.00201800 C 15.08876399
1155 28.34942201 4.57411000 0.00274702 C 14.80635500
1156 34.75065000 3.93232499 0.00208299 C 15.92419500
1157 25.88007000 5.77298098 0.00302101 C 16.00260899
1158 28.64048301 4.02227600 0.00205400 C 18.12136700
1159 29.85271101 4.05382598 0.00180202 C 17.73253299
1160 30.64099600 4.04874398 0.00227001 C 17.98296298
1161 31.31576499 3.90674602 0.00139899 C 14.86760299
1162 29.62807301 4.08889199 0.00216099 C 14.56357999
1163 23.83751201 5.77984302 0.00230302 C 15.89365301
1164 23.80721300 4.15143001 0.00232001 C 17.66153099
1165 30.63726201 4.14065499 0.07909199 C 16.43406501
1166 29.52572500 4.21483000 0.00165001 C 14.86678299
1167 27.69785901 4.52888402 0.00186599 C 17.26977900
1168 23.48586699 5.78373001 0.01298598 C 17.37534400
1169 24.10528000 4.28766300 0.00158499 C 20.13565900
1170 29.87692002 4.13690199 0.00211899 C 19.09457601
1171 30.08729601 4.33557498 0.00238899 C 15.73337099
1172 32.45642499 4.31136900 0.00188898 C 15.05648301
1173 32.64164101 4.29063602 0.00200901 C 14.63382601
1174 24.57852202 5.95340400 0.00343000 C 15.96733800
1175 29.03138800 4.17823999 0.00166500 C 20.28731001
1176 23.20104602 4.16768302 0.00187801 C 19.09034798
1177 33.82458599 4.17877702 0.00188799 C 16.33538201
1178 30.88891899 4.12067201 0.00125001 C 14.86318899
1179 31.89103401 4.21200998 0.00258698 B 21.95491700
1180 31.93888502 4.20527798 0.00172300 B 13.95067299
1181 25.17286199 6.34824901 0.00310500 B 16.91912100
1182 28.14923399 5.77258400 0.00273000 B 21.19400899
1183 33.25683702 7.81552400 0.00521701 B 15.32269100
1184 28.64308201 4.29537200 0.00261300 B 22.38287500
1185 27.15511699 5.26517699 0.00273800 C 16.80377001
1186 29.51697400 4.27597700 0.00222100 C 18.00062298
1187 29.71273501 4.22301400 0.00200199 C 17.41982301
1188 28.39348599 4.23458900 0.00159800 C 15.16501399
1189 32.15580201 4.30248800 0.00158499 C 14.82603000
1190 32.43176203 5.37245098 0.00116401 C 14.58866199
1191 25.28483199 5.86743501 0.00372500 C 16.32223200
1192 27.68103898 4.20923100 0.00147600 C 17.84471099
1193 25.48988000 4.05383101 0.00155001 C 16.97963299
1194 31.37652998 4.01086602 0.00115202 C 15.01254301
1195 31.41428600 3.94868001 0.00149498 C 15.06564001
1196 27.19140501 4.90463301 0.00115600 C 14.75209498
1197 23.74087099 4.05377601 0.00100399 C 19.54573099
1198 31.04771898 4.10169200 0.00174501 C 16.93263400
1199 33.26483001 4.17000099 0.00238602 B 37.62996898
1200 24.49234598 7.07039400 0.00245200 C 17.30230899
1201 24.61595600 4.06040999 0.00119398 C 19.31231300
1202 31.30590598 4.24688801 0.00167900 C 20.10873699
1203 31.04539902 4.12369400 0.00114099 C 19.36900598
1204 30.65589099 4.07738300 0.00137801 C 16.30158201
1205 32.68134900 4.31326998 0.00165502 C 17.18612600
1206 31.99261500 4.09031202 0.00112000 C 16.76130202
1207 30.94348600 4.00034100 0.00164699 C 15.01166003
1208 32.08438601 4.00673598 0.00175601 C 15.00522700
1209 25.66588900 5.63667301 0.00175400 C 17.24714000
1210 26.55690699 4.81841102 0.00350198 C 19.66751000
1211 31.08363200 3.90524400 0.00163302 C 17.27181100
1212 30.60264498 3.96814599 0.00166000 C 17.41084902
1213 31.63011302 3.97419301 0.00177600 C 15.29147601
1214 28.72499300 4.47919100 0.00176701 C 14.55246002
1215 25.70902399 6.75531701 0.00280299 C 16.53772400
1216 29.71058499 5.20247000 0.00268500 C 17.88942399
1217 23.99911801 4.02869700 0.00210200 C 17.48785900
1218 31.22757302 4.13210900 0.00181599 C 16.36816401
1219 30.08968499 4.03658199 0.00173799 C 15.21818098
1220 33.95212002 3.92319699 0.00188101 C 15.14802600
1221 26.91806300 5.59941999 0.00227900 B 34.95006097
1222 30.98878902 3.88757902 0.00149600 C 14.99751798
1223 31.92039300 3.81176901 0.00210301 B 34.10503000
1224 28.86402901 3.91120402 0.00317200 B 37.22028001
1225 26.22010600 6.53937101 0.00444398 B 31.09628000
1226 27.03639999 5.03331100 0.00256399 B 32.08557499
1227 31.60179700 3.84302100 0.00234999 B 32.59725298
1228 26.78848800 4.93291600 0.00406301 B 53.29049498
1229 30.74017700 3.91222400 0.00249498 B 57.37302400
1230 29.85001000 4.00979101 0.00240601 B 55.91520001
1231 29.78204400 3.95805200 0.00312401 B 49.35745100
1232 24.57220701 6.10462698 0.00148499 C 24.94497300
1233 23.05177299 7.18277800 0.00374002 B 50.33306600
1234 31.26036501 3.96900901 0.00255200 B 55.99348500
1235 30.42946800 4.08979598 0.00182100 B 56.09298701
1236 30.20201201 3.84003899 0.00196401 B 48.95905501
1237 25.98726901 5.96586600 0.00247100 B 47.37804900
1238 29.14150400 3.74409300 0.00081898 C 27.75222601
1239 24.39881102 6.96129800 0.00340998 B 51.59802802
1240 30.41754803 3.94660901 0.00257799 B 55.35051198
1241 29.50405201 3.88549000 0.00265002 B 51.83707699
1242 30.03259402 3.99768000 0.00225802 B 44.50818701
1243 24.19430300 4.82861701 0.00263899 B 54.73179399
1244 30.39962001 4.00117598 0.00232499 B 54.51416800
1245 29.53976099 3.83646699 0.00248500 B 48.11399401
1246 22.79421801 5.01222501 0.00501800 B 53.69695899
1247 31.91170801 3.88371799 0.00288800 B 56.49303002
1248 28.53511498 3.83770801 0.00318501 B 52.06435500
1249 